0.000000 0.000000 0.000000
0.570869 -0.735395 0.365105
0.137091 0.473075 0.870291
-0.123964 0.991241 0.045551
-0.507353 0.642062 0.574760
-0.068728 -0.816493 0.573250
0.562031 -0.476288 0.676218
-0.763391 0.055748 0.643527
0.188018 -0.535983 0.823026
0.904696 0.216522 0.366938
0.437572 -0.876898 0.198946
-0.476996 0.282080 0.832409
-0.645732 -0.162004 0.746180
0.410438 0.401253 0.818863
0.844000 -0.402174 0.354852
0.543214 0.681910 0.489813
0.967390 -0.158731 0.197386
-0.719812 0.693431 0.032007
-0.546861 -0.565839 0.617065
0.283884 0.941535 0.181446
-0.977415 -0.202910 0.059064
-0.313052 0.677101 0.665982
0.515318 0.192871 0.835014
-0.921901 -0.297321 0.248393
0.320743 -0.947114 0.009978
-0.258668 -0.864479 0.431006
-0.691366 -0.558807 0.457982
0.256239 -0.751125 0.608402
0.839151 0.045709 0.541974
-0.909090 -0.139610 0.392512
0.004334 -0.091413 0.995804
-0.489139 -0.735434 0.468915
-0.319417 -0.262569 0.910511
0.139932 -0.873986 0.465369
0.092699 0.669128 0.737343
0.758697 -0.591951 0.271980
-0.973046 0.225552 0.048033
-0.308459 -0.735259 0.603529
-0.999788 0.020606 0.000380
0.129256 0.812757 0.568084
-0.496863 -0.359895 0.789685
0.296125 0.584543 0.755394
-0.377417 -0.560495 0.737158
0.228919 -0.139907 0.963339
0.638566 -0.752707 0.160202
0.827048 0.548854 0.121456
-0.815567 0.261791 0.516058
0.483789 0.868170 0.110585
-0.975490 -0.006630 0.219945
0.047313 0.278278 0.959334
-0.209461 0.941398 0.264377
-0.595245 0.071692 0.800340
-0.115619 0.609882 0.784013
-0.611466 0.758189 0.226403
-0.037585 -0.930743 0.363738
0.149698 0.080479 0.985451
0.930308 0.337703 0.143123
-0.281121 0.831459 0.479214
0.679100 -0.551930 0.483939
-0.021630 -0.501057 0.865144
0.559410 0.776867 0.289029
0.873374 -0.203410 0.442540
-0.934826 0.223279 0.276126
-0.670787 0.620158 0.406753
0.836856 0.428244 0.340997
-0.896343 -0.438433 0.065925
-0.520158 0.470974 0.712474
0.681399 0.726012 0.092742
0.277757 0.269378 0.922110
0.023102 0.976695 0.213386
0.218245 -0.945932 0.239962
-0.575658 -0.811315 0.101907
-0.671812 -0.372207 0.640414
0.023838 -0.988062 0.152199
0.151147 -0.334871 0.930062
-0.379122 0.088716 0.921084
0.164144 0.912646 0.374344
-0.081087 -0.288920 0.953913
0.431443 -0.179226 0.884158
-0.433514 -0.856562 0.279940
-0.062134 0.899146 0.433216
-0.262440 0.283856 0.922253
0.978756 0.116649 0.168609
-0.795725 -0.158256 0.584617
-0.640157 -0.709030 0.295762
-0.148136 -0.654841 0.741106
0.372047 0.842680 0.389194
0.693636 0.497710 0.520725
0.482230 -0.677886 0.554910
0.921051 -0.359479 0.149798
0.701715 0.124628 0.701473
-0.834614 0.418691 0.357936
-0.239195 -0.453576 0.858519
-0.759808 -0.641953 0.102893
0.359670 -0.838293 0.409758
-0.692649 0.459098 0.556297
-0.813683 -0.356688 0.459014
0.591113 -0.037926 0.805696
0.071756 -0.700214 0.710318
0.598012 -0.273313 0.753447
0.379213 -0.384951 0.841434
0.136714 0.990530 0.012595
0.935747 -0.013072 0.352429
-0.210014 -0.953108 0.217897
0.621173 0.351307 0.700519
-0.361268 -0.930437 0.061419
0.838520 -0.540532 0.068618
0.506111 0.550319 0.664078
0.742490 -0.350258 0.570988
-0.785368 0.581846 0.211312
0.368553 -0.585443 0.722098
-0.892961 0.070259 0.444616
-0.321512 0.488821 0.810977
-0.112853 0.124931 0.985726
-0.405430 0.888766 0.213824
-0.097201 0.429414 0.897862
-0.666078 0.270043 0.695282
0.751042 -0.129917 0.647346
0.336367 0.733967 0.590042
-0.901490 0.416670 0.117057
-0.473386 -0.114193 0.873422
-0.814839 -0.509778 0.275976
0.377612 0.047065 0.924767
-0.101367 0.775093 0.623663
-0.474163 0.781091 0.406284
-0.225385 -0.070415 0.971722
-0.528150 0.848840 0.022989
0.786412 0.285964 0.547522
0.718412 0.618875 0.317611
0.000000 0.000000 0.000000
-0.070883 0.018301 0.997317
-0.446628 0.656327 0.608078
-0.423954 0.076722 0.902428
-0.958652 -0.275888 0.069807
0.469283 0.569418 0.674934
-0.202223 -0.849118 0.487959
-0.880117 -0.127074 0.457435
-0.173717 0.813272 0.555348
-0.552398 0.833177 0.025936
-0.726289 0.521853 0.447407
0.736941 -0.224808 0.637479
-0.978857 0.024593 0.203060
0.344761 0.919433 0.189162
-0.775026 0.613544 0.151321
0.904765 0.284499 0.316956
0.172489 0.756038 0.631391
-0.408709 0.421126 0.809697
0.458600 0.771986 0.440140
-0.259325 0.927343 0.269787
0.575694 -0.496960 0.649313
-0.645346 -0.574467 0.503504
-0.162666 0.310612 0.936515
-0.241148 -0.221637 0.944841
0.421629 -0.317644 0.849312
0.623729 0.771519 0.125383
-0.002826 -0.739640 0.672996
-0.855715 0.196340 0.478750
0.918664 -0.065805 0.389519
0.472915 0.275500 0.836929
-0.529929 0.778640 0.335998
-0.920676 0.338879 0.193692
0.238000 -0.970094 0.047676
0.830988 -0.397111 0.389566
0.087131 0.916514 0.390399
-0.472059 -0.793455 0.384175
0.948523 -0.297342 0.109051
-0.086674 -0.973451 0.211849
-0.699572 -0.693859 0.170759
0.780946 -0.608062 0.142772
0.205484 -0.548346 0.810613
0.347399 -0.728506 0.590417
-0.682616 0.008919 0.730723
-0.710466 -0.308939 0.632294
0.279143 -0.028062 0.959839
0.993365 0.028231 0.111489
-0.850029 -0.427085 0.308300
0.155835 0.255857 0.954072
0.147550 -0.901536 0.406769
0.624371 -0.672611 0.397185
-0.391923 -0.912809 0.114783
-0.491219 -0.287799 0.822117
0.087263 -0.287602 0.953766
0.703119 0.380157 0.600920
-0.119292 0.604308 0.787770
-0.653429 0.324209 0.684046
0.566728 -0.025929 0.823497
-0.393022 -0.606485 0.691165
0.433675 -0.862035 0.262338
0.727130 0.578759 0.369215
-0.150877 -0.512608 0.845262
0.849767 0.522101 0.072848
0.781464 0.102431 0.615485
0.043271 0.994695 0.093324
0.191238 0.520801 0.831982
0.000000 0.000000 0.000000
-0.123664 0.218682 0.967928
0.653743 0.718189 0.238380
-0.551559 0.709218 0.439081
0.132023 0.008395 0.991211
-0.317881 0.701050 0.638342
-0.613270 -0.699234 0.367384
0.786081 0.121519 0.606061
0.919558 0.194690 0.341335
0.865256 0.476267 0.156532
0.759177 0.455655 0.464789
-0.004564 -0.952174 0.305521
-0.207234 -0.545028 0.812403
-0.716622 0.184801 0.672534
-0.943236 -0.145343 0.298632
0.548037 -0.770858 0.324704
0.906604 -0.387980 0.165956
0.751401 -0.498059 0.432822
-0.901713 0.159330 0.401906
-0.122995 -0.810419 0.572795
0.030056 -0.333940 0.942115
-0.584579 -0.414930 0.697209
0.526398 0.667197 0.527023
0.396173 0.181576 0.900043
-0.773982 -0.436420 0.458791
0.320463 -0.478361 0.817603
-0.800719 -0.132456 0.584213
-0.244246 0.472669 0.846716
-0.418904 -0.672645 0.609974
0.607604 -0.038083 0.793327
0.016658 0.646116 0.763058
0.982943 0.181828 0.027589
0.136760 0.372904 0.917736
-0.713560 0.675433 0.186073
-0.083982 0.854692 0.512298
0.067740 0.961290 0.267082
-0.718989 -0.690778 0.076680
-0.171900 -0.984397 0.037599
0.342070 0.548935 0.762665
-0.542476 0.456786 0.705029
-0.579896 -0.086854 0.810048
0.378266 0.885477 0.269898
0.612982 -0.349496 0.708594
0.829694 -0.191978 0.524168
0.354905 -0.188980 0.915603
-0.358987 -0.296030 0.885152
-0.158191 0.986474 0.042953
-0.435608 0.177871 0.882387
-0.895700 0.414888 0.159967
-0.327646 0.895112 0.302362
0.228359 -0.817945 0.528032
0.232739 0.800229 0.552690
-0.989374 0.123138 0.077304
0.746465 -0.654316 0.121082
0.592651 0.354356 0.723323
0.301848 -0.926344 0.225333
0.081241 -0.646962 0.758182
-0.473303 -0.879977 0.040295
0.961737 -0.101400 0.254520
-0.501944 0.864327 0.031481
0.486015 -0.636434 0.598950
-0.187772 -0.080648 0.978896
-0.338682 -0.880009 0.332984
-0.882411 -0.438787 0.169755
-0.762757 0.453221 0.461294
0.000000 0.000000 0.000000
