VERSION: 1
0.000000 0.000000 0.000000 0.000000 0.035660 0.022932 0.077400 
-1.000000 0.000000 0.000000 0.030796 0.035660 0.022932 0.077400 
-0.001999 0.999998 0.000000 0.030796 0.035660 0.022932 0.077400 
0.026008 0.649171 0.760198 0.030796 0.035660 0.022932 0.077400 
-0.591135 -0.766176 0.252058 0.030796 0.035660 0.022932 0.077400 
0.236070 -0.524158 0.818247 0.030796 0.035660 0.022932 0.077400 
0.893021 -0.259005 0.368009 0.030796 0.035660 0.022932 0.077400 
-0.796184 0.129031 0.591136 0.030796 0.035660 0.022932 0.077400 
-0.233963 0.929855 0.283956 0.030796 0.035660 0.022932 0.077400 
-0.935686 0.139953 0.323891 0.030796 0.035660 0.022932 0.077400 
-0.505827 -0.844710 -0.174939 0.030796 0.035660 0.022932 0.077400 
-0.346220 -0.847539 -0.402256 0.030796 0.035660 0.022932 0.077400 
-0.456969 -0.630956 -0.626956 0.030796 0.035660 0.022932 0.077400 
0.486997 -0.388997 0.781995 0.030796 0.035660 0.022932 0.077400 
0.617845 0.672831 0.406898 0.030796 0.035660 0.022932 0.077400 
-0.576984 -0.104996 -0.809978 0.030796 0.035660 0.022932 0.077400 
0.826695 -0.520807 0.212920 0.030796 0.035660 0.022932 0.077400 
-0.893712 -0.039988 -0.446855 0.030796 0.035660 0.022932 0.077400 
-0.290101 -0.541189 -0.789275 0.030796 0.035660 0.022932 0.077400 
-0.115951 -0.962591 -0.244895 0.030796 0.035660 0.022932 0.077400 
0.800182 0.403091 -0.444101 0.030796 0.035660 0.022932 0.077400 
-0.513982 0.839969 0.173993 0.030796 0.035660 0.022932 0.077400 
0.788549 0.152913 -0.595658 0.030796 0.035660 0.022932 0.077400 
-0.949280 -0.233069 0.211062 0.030796 0.035660 0.022932 0.077400 
-0.232965 0.782880 0.576911 0.030796 0.035660 0.022932 0.077400 
-0.020998 -0.187989 -0.981947 0.030796 0.035660 0.022932 0.077400 
-0.216931 -0.955701 0.198939 0.030796 0.035660 0.022932 0.077400 
-0.774003 -0.604003 0.190002 0.030796 0.035660 0.022932 0.077400 
0.160927 0.355840 0.920587 0.030796 0.035660 0.022932 0.077400 
0.147034 0.731174 -0.666158 0.030796 0.035660 0.022932 0.077400 
-0.888142 0.417066 0.193030 0.030796 0.035660 0.022932 0.077400 
0.561970 0.231989 -0.793959 0.030796 0.035660 0.022932 0.077400 
0.380808 0.142929 0.913541 0.030796 0.035660 0.022932 0.077400 
-0.305999 -0.199001 -0.931001 0.030796 0.035660 0.022932 0.077400 
0.332087 -0.130034 0.934243 0.030796 0.035660 0.022932 0.077400 
0.963226 -0.265063 0.044009 0.030796 0.035660 0.022932 0.077400 
0.959502 0.205108 0.193100 0.030796 0.035660 0.022932 0.077400 
-0.452965 -0.888931 0.067996 0.030796 0.035660 0.022932 0.077400 
0.773133 0.628108 0.088016 0.030796 0.035660 0.022932 0.077400 
-0.709081 0.408047 0.575067 0.030796 0.035660 0.022932 0.077400 
0.692769 0.023992 0.720760 0.030796 0.035660 0.022932 0.077400 
-0.681659 0.528735 -0.505747 0.030796 0.035660 0.022932 0.077400 
0.141995 -0.724977 0.673978 0.030796 0.035660 0.022932 0.077400 
0.740169 0.388089 0.549124 0.030796 0.035660 0.022932 0.077400 
0.103005 0.822044 0.560030 0.030796 0.035660 0.022932 0.077400 
-0.584037 -0.596037 0.551035 0.030796 0.035660 0.022932 0.077400 
0.088009 -0.335032 0.938087 0.030796 0.035660 0.022932 0.077400 
0.552263 -0.792377 0.259123 0.030796 0.035660 0.022932 0.077400 
-0.838158 -0.458086 -0.296055 0.030796 0.035660 0.022932 0.077400 
-0.362996 -0.560993 0.743990 0.030796 0.035660 0.022932 0.077400 
0.184062 0.392134 -0.901306 0.030796 0.035660 0.022932 0.077400 
0.720938 -0.692941 0.008999 0.030796 0.035660 0.022932 0.077400 
-0.433100 0.682159 -0.589137 0.030796 0.035660 0.022932 0.077400 
-0.502114 0.690157 0.521119 0.030796 0.035660 0.022932 0.077400 
-0.170945 -0.508833 -0.843722 0.030796 0.035660 0.022932 0.077400 
-0.462968 0.422970 0.778946 0.030796 0.035660 0.022932 0.077400 
-0.385030 -0.809064 0.444035 0.030796 0.035660 0.022932 0.077400 
0.713102 -0.247036 0.656094 0.030796 0.035660 0.022932 0.077400 
-0.259924 0.884737 -0.386886 0.030796 0.035660 0.022932 0.077400 
-0.001000 0.077001 -0.997030 0.030796 0.035660 0.022932 0.077400 
-0.037003 -0.902057 0.430027 0.030796 0.035660 0.022932 0.077400 
-0.570320 -0.303171 -0.763428 0.030796 0.035660 0.022932 0.077400 
0.282105 0.145054 -0.948354 0.030796 0.035660 0.022932 0.077400 
-0.721098 0.608083 0.332045 0.030796 0.035660 0.022932 0.077400 
-0.266985 0.959945 -0.084995 0.030796 0.035660 0.022932 0.077400 
0.000000 0.000000 0.000000 0.000000 0.035660 0.022932 0.077400 
-1.000000 0.000000 0.000000 0.043552 0.035660 0.022932 0.077400 
-0.494198 0.869349 0.000000 0.043552 0.035660 0.022932 0.077400 
0.120010 0.641050 0.758059 0.043552 0.035660 0.022932 0.077400 
-0.919038 -0.331014 -0.214008 0.043552 0.035660 0.022932 0.077400 
0.111970 -0.630833 0.767797 0.043552 0.035660 0.022932 0.077400 
0.914305 -0.236080 0.329110 0.043552 0.035660 0.022932 0.077400 
-0.680843 0.302930 0.666847 0.043552 0.035660 0.022932 0.077400 
-0.066978 0.997670 -0.012996 0.043552 0.035660 0.022932 0.077400 
-0.917623 0.152938 0.366849 0.043552 0.035660 0.022932 0.077400 
-0.443231 -0.890464 0.103054 0.043552 0.035660 0.022932 0.077400 
-0.215974 -0.926892 -0.306964 0.043552 0.035660 0.022932 0.077400 
-0.480033 -0.671045 -0.565037 0.043552 0.035660 0.022932 0.077400 
0.549943 -0.477950 0.684928 0.043552 0.035660 0.022932 0.077400 
0.700687 0.692692 0.170924 0.043552 0.035660 0.022932 0.077400 
-0.429107 -0.007001 -0.903226 0.043552 0.035660 0.022932 0.077400 
0.698789 -0.639808 0.319904 0.043552 0.035660 0.022932 0.077400 
0.000000 0.000000 0.000000 0.000000 0.035660 0.022932 0.077400 
-0.725825 0.090977 -0.681836 0.043552 0.035660 0.022932 0.077400 
-0.389831 -0.248891 -0.886614 0.043552 0.035660 0.022932 0.077400 
-0.172056 -0.881289 -0.440144 0.043552 0.035660 0.022932 0.077400 
0.609674 0.640657 -0.466751 0.043552 0.035660 0.022932 0.077400 
-0.598760 0.688724 0.408835 0.043552 0.035660 0.022932 0.077400 
0.727829 0.221948 -0.648848 0.043552 0.035660 0.022932 0.077400 
-0.882959 -0.397981 0.248988 0.043552 0.035660 0.022932 0.077400 
-0.320210 0.548360 0.772507 0.043552 0.035660 0.022932 0.077400 
-0.044018 -0.268107 -0.962383 0.043552 0.035660 0.022932 0.077400 
-0.188896 -0.876519 0.442757 0.043552 0.035660 0.022932 0.077400 
-0.732164 -0.333076 -0.594135 0.043552 0.035660 0.022932 0.077400 
-0.308976 -0.549958 0.775938 0.043552 0.035660 0.022932 0.077400 
-0.285958 0.857876 -0.426939 0.043552 0.035660 0.022932 0.077400 
-0.859154 0.504091 0.088016 0.043552 0.035660 0.022932 0.077400 
0.106973 0.214945 -0.970750 0.043552 0.035660 0.022932 0.077400 
0.297951 -0.177970 0.937844 0.043552 0.035660 0.022932 0.077400 
0.000000 0.000000 0.000000 0.000000 0.035660 0.022932 0.077400 
-1.000000 0.000000 0.000000 0.053340 0.035660 0.022932 0.077400 
-0.494198 0.869349 0.000000 0.053340 0.035660 0.022932 0.077400 
0.120010 0.641049 0.758059 0.053340 0.035660 0.022932 0.077400 
-0.919038 -0.331013 -0.214009 0.053340 0.035660 0.022932 0.077400 
0.111971 -0.630833 0.767797 0.053340 0.035660 0.022932 0.077400 
0.914305 -0.236079 0.329110 0.053340 0.035660 0.022932 0.077400 
-0.680843 0.302931 0.666847 0.053340 0.035660 0.022932 0.077400 
-0.066978 0.997670 -0.012996 0.053340 0.035660 0.022932 0.077400 
-0.917623 0.152937 0.366849 0.053340 0.035660 0.022932 0.077400 
-0.443231 -0.890464 0.103053 0.053340 0.035660 0.022932 0.077400 
-0.215975 -0.926892 -0.306964 0.053340 0.035660 0.022932 0.077400 
-0.480032 -0.671045 -0.565038 0.053340 0.035660 0.022932 0.077400 
0.549942 -0.477950 0.684929 0.053340 0.035660 0.022932 0.077400 
0.700688 0.692691 0.170924 0.053340 0.035660 0.022932 0.077400 
-0.429107 -0.007002 -0.903226 0.053340 0.035660 0.022932 0.077400 
0.698790 -0.639808 0.319904 0.053340 0.035660 0.022932 0.077400 
0.000000 0.000000 0.000000 0.000000 0.035660 0.022932 0.077400 
-0.725825 0.090978 -0.681836 0.053340 0.035660 0.022932 0.077400 
-0.389831 -0.248892 -0.886614 0.053340 0.035660 0.022932 0.077400 
-0.172057 -0.881289 -0.440144 0.053340 0.035660 0.022932 0.077400 
0.609674 0.640657 -0.466751 0.053340 0.035660 0.022932 0.077400 
-0.598759 0.688724 0.408836 0.053340 0.035660 0.022932 0.077400 
0.727829 0.221947 -0.648848 0.053340 0.035660 0.022932 0.077400 
-0.882959 -0.397981 0.248989 0.053340 0.035660 0.022932 0.077400 
-0.320210 0.548360 0.772507 0.053340 0.035660 0.022932 0.077400 
-0.044017 -0.268107 -0.962383 0.053340 0.035660 0.022932 0.077400 
-0.188897 -0.876518 0.442757 0.053340 0.035660 0.022932 0.077400 
-0.732165 -0.333076 -0.594133 0.053340 0.035660 0.022932 0.077400 
-0.308975 -0.549957 0.775939 0.053340 0.035660 0.022932 0.077400 
-0.285959 0.857876 -0.426938 0.053340 0.035660 0.022932 0.077400 
-0.859154 0.504090 0.088016 0.053340 0.035660 0.022932 0.077400 
0.106973 0.214944 -0.970750 0.053340 0.035660 0.022932 0.077400 
0.297951 -0.177970 0.937844 0.053340 0.035660 0.022932 0.077400 
0.000000 0.000000 0.000000 0.000000 0.035660 0.022932 0.077400 
-1.000000 0.000000 0.000000 0.068862 0.035660 0.022932 0.077400 
-0.494198 0.869349 0.000000 0.068862 0.035660 0.022932 0.077400 
0.120009 0.641050 0.758059 0.068862 0.035660 0.022932 0.077400 
-0.919038 -0.331014 -0.214009 0.068862 0.035660 0.022932 0.077400 
0.111970 -0.630833 0.767797 0.068862 0.035660 0.022932 0.077400 
0.914305 -0.236079 0.329110 0.068862 0.035660 0.022932 0.077400 
-0.680844 0.302930 0.666847 0.068862 0.035660 0.022932 0.077400 
-0.066978 0.997670 -0.012996 0.068862 0.035660 0.022932 0.077400 
-0.917623 0.152937 0.366849 0.068862 0.035660 0.022932 0.077400 
-0.443231 -0.890464 0.103054 0.068862 0.035660 0.022932 0.077400 
-0.215975 -0.926892 -0.306964 0.068862 0.035660 0.022932 0.077400 
-0.480032 -0.671045 -0.565038 0.068862 0.035660 0.022932 0.077400 
0.549943 -0.477950 0.684928 0.068862 0.035660 0.022932 0.077400 
0.700688 0.692691 0.170924 0.068862 0.035660 0.022932 0.077400 
-0.429108 -0.007002 -0.903226 0.068862 0.035660 0.022932 0.077400 
0.698790 -0.639808 0.319904 0.068862 0.035660 0.022932 0.077400 
0.000000 0.000000 0.000000 0.000000 0.035660 0.022932 0.077400 
-0.725825 0.090978 -0.681836 0.068862 0.035660 0.022932 0.077400 
-0.389830 -0.248892 -0.886614 0.068862 0.035660 0.022932 0.077400 
-0.172056 -0.881289 -0.440144 0.068862 0.035660 0.022932 0.077400 
0.609674 0.640657 -0.466750 0.068862 0.035660 0.022932 0.077400 
-0.598760 0.688724 0.408836 0.068862 0.035660 0.022932 0.077400 
0.727829 0.221948 -0.648848 0.068862 0.035660 0.022932 0.077400 
-0.882959 -0.397981 0.248988 0.068862 0.035660 0.022932 0.077400 
-0.320210 0.548360 0.772507 0.068862 0.035660 0.022932 0.077400 
-0.044018 -0.268107 -0.962383 0.068862 0.035660 0.022932 0.077400 
-0.188896 -0.876518 0.442757 0.068862 0.035660 0.022932 0.077400 
-0.732165 -0.333075 -0.594134 0.068862 0.035660 0.022932 0.077400 
-0.308976 -0.549957 0.775939 0.068862 0.035660 0.022932 0.077400 
-0.285959 0.857876 -0.426938 0.068862 0.035660 0.022932 0.077400 
-0.859154 0.504090 0.088016 0.068862 0.035660 0.022932 0.077400 
0.106972 0.214945 -0.970750 0.068862 0.035660 0.022932 0.077400 
0.297951 -0.177970 0.937844 0.068862 0.035660 0.022932 0.077400 
