VERSION: 1
0.000000 0.000000 0.000000 0.000000 0.035660 0.022932 0.077400
0.506659 0.400302 0.763580 0.030796 0.035660 0.022932 0.077400
0.157900 0.072222 0.984810 0.030796 0.035660 0.022932 0.077400
-0.218510 -0.852977 0.474008 0.030796 0.035660 0.022932 0.077400
-0.365721 0.720282 0.589443 0.030796 0.035660 0.022932 0.077400
0.704623 0.467065 0.534187 0.030796 0.035660 0.022932 0.077400
-0.593909 0.267921 0.758611 0.030796 0.035660 0.022932 0.077400
0.432124 0.710808 0.554996 0.030796 0.035660 0.022932 0.077400
-0.371309 -0.928490 0.005993 0.030796 0.035660 0.022932 0.077400
0.295611 0.910524 0.289067 0.030796 0.035660 0.022932 0.077400
0.619266 -0.628691 0.470380 0.030796 0.035660 0.022932 0.077400
0.724778 0.175052 0.666374 0.030796 0.035660 0.022932 0.077400
0.033005 0.991648 0.124681 0.030796 0.035660 0.022932 0.077400
-0.781988 -0.447054 0.434323 0.030796 0.035660 0.022932 0.077400
0.695943 -0.356921 0.623114 0.030796 0.035660 0.022932 0.077400
0.905458 0.395704 0.153508 0.030796 0.035660 0.022932 0.077400
-0.944708 -0.227593 0.236070 0.030796 0.035660 0.022932 0.077400
0.223540 -0.968191 0.112406 0.030796 0.035660 0.022932 0.077400
-0.811879 0.575981 0.095392 0.030796 0.035660 0.022932 0.077400
-0.769694 0.073603 0.634156 0.030796 0.035660 0.022932 0.077400
0.464724 -0.358097 0.809814 0.030796 0.035660 0.022932 0.077400
-0.210316 0.881590 0.422571 0.030796 0.035660 0.022932 0.077400
0.370207 -0.660392 0.653322 0.030796 0.035660 0.022932 0.077400
0.254340 0.580075 0.773837 0.030796 0.035660 0.022932 0.077400
-0.512483 -0.441690 0.736390 0.030796 0.035660 0.022932 0.077400
-0.239806 0.537204 0.808644 0.030796 0.035660 0.022932 0.077400
-0.583671 0.793415 0.172685 0.030796 0.035660 0.022932 0.077400
0.770125 -0.602436 0.209710 0.030796 0.035660 0.022932 0.077400
-0.956379 0.146149 0.252942 0.030796 0.035660 0.022932 0.077400
-0.688910 -0.690736 0.219742 0.030796 0.035660 0.022932 0.077400
-0.183398 -0.404022 0.896176 0.030796 0.035660 0.022932 0.077400
0.594203 -0.085277 0.799782 0.030796 0.035660 0.022932 0.077400
0.945027 -0.326622 0.015535 0.030796 0.035660 0.022932 0.077400
0.020028 -0.676546 0.736128 0.030796 0.035660 0.022932 0.077400
-0.845253 -0.530449 0.064580 0.030796 0.035660 0.022932 0.077400
0.601240 0.789747 0.121694 0.030796 0.035660 0.022932 0.077400
0.119419 0.858841 0.498128 0.030796 0.035660 0.022932 0.077400
0.892122 0.242131 0.381434 0.030796 0.035660 0.022932 0.077400
-0.686004 0.615727 0.387658 0.030796 0.035660 0.022932 0.077400
-0.013039 0.710436 0.703641 0.030796 0.035660 0.022932 0.077400
0.087481 -0.876949 0.472554 0.030796 0.035660 0.022932 0.077400
0.427293 0.135118 0.893960 0.030796 0.035660 0.022932 0.077400
-0.444646 -0.851496 0.277929 0.030796 0.035660 0.022932 0.077400
0.368869 -0.840662 0.396514 0.030796 0.035660 0.022932 0.077400
-0.086657 -0.976336 0.198137 0.030796 0.035660 0.022932 0.077400
-0.997872 -0.064877 0.006484 0.030796 0.035660 0.022932 0.077400
0.677837 0.654369 0.335169 0.030796 0.035660 0.022932 0.077400
0.968321 -0.061125 0.242114 0.030796 0.035660 0.022932 0.077400
-0.072838 -0.101980 0.992116 0.030796 0.035660 0.022932 0.077400
0.211364 -0.224388 0.951302 0.030796 0.035660 0.022932 0.077400
-0.834101 0.323656 0.446680 0.030796 0.035660 0.022932 0.077400
0.186653 -0.490612 0.851153 0.030796 0.035660 0.022932 0.077400
-0.312565 0.934105 0.172488 0.030796 0.035660 0.022932 0.077400
0.866947 -0.346737 0.358017 0.030796 0.035660 0.022932 0.077400
-0.544233 -0.654414 0.524931 0.030796 0.035660 0.022932 0.077400
0.142318 0.365086 0.920031 0.030796 0.035660 0.022932 0.077400
-0.822785 -0.181488 0.538597 0.030796 0.035660 0.022932 0.077400
0.535998 -0.832896 0.137807 0.030796 0.035660 0.022932 0.077400
-0.593110 -0.166013 0.787820 0.030796 0.035660 0.022932 0.077400
-0.571310 0.516642 0.637719 0.030796 0.035660 0.022932 0.077400
0.844634 -0.067728 0.531042 0.030796 0.035660 0.022932 0.077400
-0.345579 -0.122150 0.930406 0.030796 0.035660 0.022932 0.077400
-0.267045 -0.655804 0.706122 0.030796 0.035660 0.022932 0.077400
-0.135770 0.297339 0.945069 0.030796 0.035660 0.022932 0.077400
-0.383242 0.170978 0.907685 0.030796 0.035660 0.022932 0.077400
0.000000 0.000000 0.000000 0.000000 0.035660 0.022932 0.077400
0.544726 0.377455 0.748867 0.053340 0.035660 0.022932 0.077400
0.609632 0.587324 0.532353 0.053340 0.035660 0.022932 0.077400
-0.776927 -0.331725 0.535110 0.053340 0.035660 0.022932 0.077400
0.148609 0.982462 0.112619 0.053340 0.035660 0.022932 0.077400
0.656418 -0.312286 0.686727 0.053340 0.035660 0.022932 0.077400
-0.404975 0.911955 0.065826 0.053340 0.035660 0.022932 0.077400
0.868520 -0.355322 0.345570 0.053340 0.035660 0.022932 0.077400
0.289850 -0.928916 0.230439 0.053340 0.035660 0.022932 0.077400
-0.239456 -0.783871 0.572894 0.053340 0.035660 0.022932 0.077400
-0.844074 0.167208 0.509490 0.053340 0.035660 0.022932 0.077400
0.340963 0.705851 0.620902 0.053340 0.035660 0.022932 0.077400
0.396979 -0.769599 0.500124 0.053340 0.035660 0.022932 0.077400
-0.603516 0.194891 0.773166 0.053340 0.035660 0.022932 0.077400
0.061356 0.678213 0.732300 0.053340 0.035660 0.022932 0.077400
0.991308 0.130820 0.013946 0.053340 0.035660 0.022932 0.077400
0.888235 0.458057 0.034949 0.053340 0.035660 0.022932 0.077400
-0.475096 -0.068728 0.877246 0.053340 0.035660 0.022932 0.077400
-0.962977 0.119082 0.241855 0.053340 0.035660 0.022932 0.077400
0.428766 -0.197945 0.881463 0.053340 0.035660 0.022932 0.077400
0.385631 0.854039 0.349150 0.053340 0.035660 0.022932 0.077400
-0.813985 0.467230 0.345145 0.053340 0.035660 0.022932 0.077400
0.833035 -0.114242 0.541296 0.053340 0.035660 0.022932 0.077400
-0.499832 -0.344578 0.794628 0.053340 0.035660 0.022932 0.077400
-0.128004 0.970726 0.203238 0.053340 0.035660 0.022932 0.077400
-0.652096 -0.609117 0.451384 0.053340 0.035660 0.022932 0.077400
-0.655402 0.442914 0.611780 0.053340 0.035660 0.022932 0.077400
0.265337 0.445947 0.854826 0.053340 0.035660 0.022932 0.077400
0.421367 0.905972 0.040812 0.053340 0.035660 0.022932 0.077400
-0.936738 -0.192107 0.292603 0.053340 0.035660 0.022932 0.077400
0.132731 -0.140303 0.981171 0.053340 0.035660 0.022932 0.077400
0.885328 0.355894 0.299221 0.053340 0.035660 0.022932 0.077400
0.788495 -0.593081 0.162880 0.053340 0.035660 0.022932 0.077400
-0.667806 0.732923 0.129842 0.053340 0.035660 0.022932 0.077400
-0.390876 0.533586 0.750001 0.053340 0.035660 0.022932 0.077400
0.089877 0.182579 0.979074 0.053340 0.035660 0.022932 0.077400
-0.679457 -0.733690 0.006100 0.053340 0.035660 0.022932 0.077400
-0.576719 0.689802 0.437686 0.053340 0.035660 0.022932 0.077400
0.977845 -0.191832 0.083786 0.053340 0.035660 0.022932 0.077400
0.695364 0.663640 0.275773 0.053340 0.035660 0.022932 0.077400
-0.174705 -0.000574 0.984621 0.053340 0.035660 0.022932 0.077400
0.661548 0.044982 0.748553 0.053340 0.035660 0.022932 0.077400
0.062135 0.885488 0.460490 0.053340 0.035660 0.022932 0.077400
-0.829967 -0.504657 0.237645 0.053340 0.035660 0.022932 0.077400
0.572778 -0.792219 0.210509 0.053340 0.035660 0.022932 0.077400
-0.260494 -0.920981 0.289718 0.053340 0.035660 0.022932 0.077400
0.946762 0.038072 0.319674 0.053340 0.035660 0.022932 0.077400
0.782384 0.276996 0.557807 0.053340 0.035660 0.022932 0.077400
-0.458819 -0.593757 0.661013 0.053340 0.035660 0.022932 0.077400
0.048482 -0.881620 0.469463 0.053340 0.035660 0.022932 0.077400
0.656893 -0.574331 0.488503 0.053340 0.035660 0.022932 0.077400
0.144417 -0.701699 0.697684 0.053340 0.035660 0.022932 0.077400
-0.895446 0.439007 0.073818 0.053340 0.035660 0.022932 0.077400
-0.152355 -0.579408 0.800671 0.053340 0.035660 0.022932 0.077400
-0.748166 -0.080234 0.658642 0.053340 0.035660 0.022932 0.077400
-0.341165 0.856815 0.386619 0.053340 0.035660 0.022932 0.077400
-0.180254 -0.306281 0.934719 0.053340 0.035660 0.022932 0.077400
-0.214911 0.744225 0.632410 0.053340 0.035660 0.022932 0.077400
0.424149 -0.519307 0.741902 0.053340 0.035660 0.022932 0.077400
-0.529012 -0.804593 0.269772 0.053340 0.035660 0.022932 0.077400
0.144461 -0.439333 0.886633 0.053340 0.035660 0.022932 0.077400
-0.320648 0.261317 0.910438 0.053340 0.035660 0.022932 0.077400
-0.075792 0.446651 0.891492 0.053340 0.035660 0.022932 0.077400
0.395944 0.123399 0.909946 0.053340 0.035660 0.022932 0.077400
0.009233 -0.988246 0.152594 0.053340 0.035660 0.022932 0.077400
0.000000 0.000000 0.000000 0.000000 0.035660 0.022932 0.077400
0.682493 -0.435984 0.586618 0.068862 0.035660 0.022932 0.077400
-0.147704 -0.964043 0.220917 0.068862 0.035660 0.022932 0.077400
-0.438106 -0.886335 0.149914 0.068862 0.035660 0.022932 0.077400
-0.660883 -0.042704 0.749273 0.068862 0.035660 0.022932 0.077400
0.134860 0.222122 0.965647 0.068862 0.035660 0.022932 0.077400
-0.198969 0.013096 0.979918 0.068862 0.035660 0.022932 0.077400
-0.801989 -0.342390 0.489472 0.068862 0.035660 0.022932 0.077400
-0.061620 -0.913820 0.401418 0.068862 0.035660 0.022932 0.077400
0.530749 0.362922 0.765894 0.068862 0.035660 0.022932 0.077400
-0.240426 0.420100 0.875049 0.068862 0.035660 0.022932 0.077400
-0.309412 0.196522 0.930400 0.068862 0.035660 0.022932 0.077400
-0.548454 0.705722 0.448502 0.068862 0.035660 0.022932 0.077400
0.378367 -0.390897 0.839070 0.068862 0.035660 0.022932 0.077400
-0.842551 0.306185 0.443123 0.068862 0.035660 0.022932 0.077400
-0.722094 -0.677761 0.138638 0.068862 0.035660 0.022932 0.077400
0.209104 0.807998 0.550831 0.068862 0.035660 0.022932 0.077400
0.884260 0.019329 0.466595 0.068862 0.035660 0.022932 0.077400
0.029162 0.946757 0.320625 0.068862 0.035660 0.022932 0.077400
-0.672723 0.474347 0.567837 0.068862 0.035660 0.022932 0.077400
-0.214108 0.746299 0.630234 0.068862 0.035660 0.022932 0.077400
0.705159 0.691898 0.155010 0.068862 0.035660 0.022932 0.077400
-0.024569 0.413747 0.910060 0.068862 0.035660 0.022932 0.077400
0.695187 0.242023 0.676860 0.068862 0.035660 0.022932 0.077400
-0.008691 0.827933 0.560760 0.068862 0.035660 0.022932 0.077400
0.976751 0.167954 0.133225 0.068862 0.035660 0.022932 0.077400
0.817267 -0.361517 0.448754 0.068862 0.035660 0.022932 0.077400
0.874882 -0.472092 0.108217 0.068862 0.035660 0.022932 0.077400
-0.146820 0.898783 0.413077 0.068862 0.035660 0.022932 0.077400
0.558461 -0.754455 0.344847 0.068862 0.035660 0.022932 0.077400
0.007949 0.999695 0.023386 0.068862 0.035660 0.022932 0.077400
-0.839099 0.061940 0.540441 0.068862 0.035660 0.022932 0.077400
-0.992551 0.057597 0.107356 0.068862 0.035660 0.022932 0.077400
-0.863780 0.454221 0.218099 0.068862 0.035660 0.022932 0.077400
-0.851899 -0.523691 0.004044 0.068862 0.035660 0.022932 0.077400
-0.951551 0.305693 0.033199 0.068862 0.035660 0.022932 0.077400
-0.144824 -0.685584 0.713443 0.068862 0.035660 0.022932 0.077400
-0.584145 -0.674634 0.451269 0.068862 0.035660 0.022932 0.077400
-0.471689 -0.435258 0.766851 0.068862 0.035660 0.022932 0.077400
0.205586 -0.065247 0.976462 0.068862 0.035660 0.022932 0.077400
0.274919 0.886508 0.372187 0.068862 0.035660 0.022932 0.077400
0.612225 -0.619178 0.491731 0.068862 0.035660 0.022932 0.077400
-0.937846 0.050695 0.343330 0.068862 0.035660 0.022932 0.077400
0.646799 0.561461 0.516152 0.068862 0.035660 0.022932 0.077400
-0.554293 0.788791 0.265648 0.068862 0.035660 0.022932 0.077400
0.786681 -0.523676 0.326949 0.068862 0.035660 0.022932 0.077400
-0.598012 -0.515564 0.613658 0.068862 0.035660 0.022932 0.077400
-0.744543 0.243819 0.621456 0.068862 0.035660 0.022932 0.077400
0.544630 0.747155 0.380969 0.068862 0.035660 0.022932 0.077400
0.963355 0.024872 0.267073 0.068862 0.035660 0.022932 0.077400
0.929921 -0.298441 0.214894 0.068862 0.035660 0.022932 0.077400
0.990351 -0.101509 0.094349 0.068862 0.035660 0.022932 0.077400
-0.570219 -0.775024 0.272376 0.068862 0.035660 0.022932 0.077400
0.376515 0.024215 0.926094 0.068862 0.035660 0.022932 0.077400
-0.731484 -0.527570 0.431974 0.068862 0.035660 0.022932 0.077400
0.306430 -0.913771 0.266690 0.068862 0.035660 0.022932 0.077400
-0.180501 0.980396 0.079006 0.068862 0.035660 0.022932 0.077400
-0.349768 0.819075 0.454728 0.068862 0.035660 0.022932 0.077400
0.611610 0.791103 0.009406 0.068862 0.035660 0.022932 0.077400
-0.787094 -0.135100 0.601856 0.068862 0.035660 0.022932 0.077400
-0.330954 -0.879372 0.342309 0.068862 0.035660 0.022932 0.077400
-0.721389 0.656104 0.221643 0.068862 0.035660 0.022932 0.077400
-0.461415 0.639631 0.614791 0.068862 0.035660 0.022932 0.077400
-0.104168 0.616156 0.780705 0.068862 0.035660 0.022932 0.077400
0.727773 0.598039 0.335703 0.068862 0.035660 0.022932 0.077400
-0.229836 -0.972595 0.035120 0.068862 0.035660 0.022932 0.077400
0.054595 -0.220595 0.973836 0.068862 0.035660 0.022932 0.077400
0.596194 -0.037389 0.801969 0.068862 0.035660 0.022932 0.077400
-0.199789 -0.516483 0.832664 0.068862 0.035660 0.022932 0.077400
0.164011 -0.889514 0.426457 0.068862 0.035660 0.022932 0.077400
-0.138888 -0.249037 0.958484 0.068862 0.035660 0.022932 0.077400
0.090130 -0.977427 0.191084 0.068862 0.035660 0.022932 0.077400
0.534268 -0.431777 0.726723 0.068862 0.035660 0.022932 0.077400
0.337520 -0.939530 0.057991 0.068862 0.035660 0.022932 0.077400
0.314666 0.617841 0.720595 0.068862 0.035660 0.022932 0.077400
0.755979 0.032312 0.653798 0.068862 0.035660 0.022932 0.077400
0.033493 -0.808259 0.587874 0.068862 0.035660 0.022932 0.077400
0.780348 -0.183893 0.597697 0.068862 0.035660 0.022932 0.077400
0.520031 0.535568 0.665383 0.068862 0.035660 0.022932 0.077400
-0.646341 0.763035 0.004633 0.068862 0.035660 0.022932 0.077400
-0.812803 -0.525098 0.252236 0.068862 0.035660 0.022932 0.077400
-0.661193 -0.302506 0.686523 0.068862 0.035660 0.022932 0.077400
-0.085964 0.221178 0.971437 0.068862 0.035660 0.022932 0.077400
0.385603 -0.800067 0.459568 0.068862 0.035660 0.022932 0.077400
-0.803180 0.594787 0.033630 0.068862 0.035660 0.022932 0.077400
0.762541 0.394768 0.512532 0.068862 0.035660 0.022932 0.077400
0.245213 -0.557692 0.793001 0.068862 0.035660 0.022932 0.077400
0.454541 0.856848 0.243318 0.068862 0.035660 0.022932 0.077400
0.329770 0.234272 0.914532 0.068862 0.035660 0.022932 0.077400
0.415662 0.907479 0.060893 0.068862 0.035660 0.022932 0.077400
-0.338424 -0.128025 0.932244 0.068862 0.035660 0.022932 0.077400
0.851337 0.217429 0.477441 0.068862 0.035660 0.022932 0.077400
-0.370701 -0.619560 0.691900 0.068862 0.035660 0.022932 0.077400
-0.407524 -0.750719 0.519947 0.068862 0.035660 0.022932 0.077400
-0.620971 0.172696 0.764573 0.068862 0.035660 0.022932 0.077400
-0.961797 -0.273243 0.016850 0.068862 0.035660 0.022932 0.077400
0.179408 0.966951 0.181161 0.068862 0.035660 0.022932 0.077400
0.516062 -0.842252 0.155856 0.068862 0.035660 0.022932 0.077400
0.320022 0.427597 0.845427 0.068862 0.035660 0.022932 0.077400
0.853200 0.483316 0.196102 0.068862 0.035660 0.022932 0.077400
0.903653 0.314444 0.290752 0.068862 0.035660 0.022932 0.077400
-0.281072 0.926315 0.250877 0.068862 0.035660 0.022932 0.077400
0.534041 0.158965 0.830379 0.068862 0.035660 0.022932 0.077400
-0.551716 0.430355 0.714425 0.068862 0.035660 0.022932 0.077400
-0.910509 -0.365329 0.193670 0.068862 0.035660 0.022932 0.077400
-0.333608 0.566454 0.753549 0.068862 0.035660 0.022932 0.077400
0.623271 -0.233531 0.746322 0.068862 0.035660 0.022932 0.077400
0.418219 0.722410 0.550652 0.068862 0.035660 0.022932 0.077400
-0.205415 -0.813942 0.543418 0.068862 0.035660 0.022932 0.077400
0.413613 -0.187154 0.891009 0.068862 0.035660 0.022932 0.077400
-0.970129 -0.140845 0.197513 0.068862 0.035660 0.022932 0.077400
0.129941 0.517041 0.846040 0.068862 0.035660 0.022932 0.077400
-0.312861 -0.349682 0.883086 0.068862 0.035660 0.022932 0.077400
-0.899476 -0.178210 0.398978 0.068862 0.035660 0.022932 0.077400
0.715387 -0.669896 0.198647 0.068862 0.035660 0.022932 0.077400
-0.741107 0.540193 0.398688 0.068862 0.035660 0.022932 0.077400
-0.934636 0.250376 0.252521 0.068862 0.035660 0.022932 0.077400
0.260162 -0.736155 0.624813 0.068862 0.035660 0.022932 0.077400
-0.449799 0.314130 0.836064 0.068862 0.035660 0.022932 0.077400
0.011069 0.010701 0.999881 0.068862 0.035660 0.022932 0.077400
0.001828 -0.466765 0.884380 0.068862 0.035660 0.022932 0.077400
-0.463042 0.879094 0.113079 0.068862 0.035660 0.022932 0.077400
0.067238 -0.656494 0.751329 0.068862 0.035660 0.022932 0.077400
0.194959 -0.349950 0.916257 0.068862 0.035660 0.022932 0.077400
-0.475905 0.043381 0.878426 0.068862 0.035660 0.022932 0.077400
0.906411 -0.175757 0.384094 0.068862 0.035660 0.022932 0.077400
0.094326 0.695330 0.712473 0.068862 0.035660 0.022932 0.077400
0.444794 -0.618631 0.647653 0.068862 0.035660 0.022932 0.077400
-0.516371 -0.206293 0.831146 0.068862 0.035660 0.022932 0.077400
0.000000 0.000000 0.000000 0.000000 0.035660 0.022932 0.077400
