0.0000 0.0000 0.0000
-0.5841 -0.3812 -0.7166
-0.1508 -0.6113 -0.7769
0.9762 0.0714 0.2049
0.1337 -0.9745 -0.1804
-0.1174 -0.8848 0.4510
-0.1776 0.5575 0.8109
-0.1531 0.9723 0.1767
-0.0160 0.5101 0.8600
-0.3116 0.7296 0.6088
0.7949 -0.4584 -0.3975
0.3399 -0.7456 0.5732
0.8508 -0.5199 -0.0757
-0.4567 -0.8048 0.3791
0.2750 0.4316 0.8591
-0.3407 0.6991 -0.6286
-0.1504 0.9175 0.3682
0.6937 0.2635 0.6704
-0.7665 0.3038 -0.5658
0.1657 0.9683 0.1867
0.6272 0.5549 -0.5465
-0.9976 0.0678 0.0164
-0.9296 0.3687 0.0047
0.1513 0.6831 -0.7145
-0.8612 0.1678 -0.4797
0.3063 0.0961 0.9471
-0.4042 -0.5014 0.7650
-0.0974 -0.9868 0.1295
0.9443 -0.3019 0.1307
0.1775 0.8243 0.5376
-0.6731 -0.3192 0.6672
-0.8939 -0.3976 0.2071
-0.7941 -0.2980 0.5297
-0.0400 0.2935 -0.9551
-0.7509 -0.1489 0.6434
-0.6444 0.4472 -0.6203
0.4043 -0.0602 0.9126
-0.9064 -0.2960 -0.3015
-0.0369 -0.5457 0.8372
0.8414 0.5390 -0.0386
0.9541 0.2895 -0.0768
-0.1730 0.1619 -0.9715
0.0616 -0.6734 0.7367
0.4598 0.7116 -0.5313
-0.0065 0.9491 -0.3150
0.5293 -0.5060 -0.6811
-0.3699 -0.8971 0.2418
-0.7556 0.4578 -0.4684
0.4693 0.1257 0.8741
0.1476 0.9010 -0.4079
-0.4837 0.7117 -0.5094
-0.2241 -0.5353 0.8144
0.2537 -0.6560 0.7109
-0.1563 0.9652 -0.2095
-0.8611 0.3293 -0.3874
0.2320 -0.8535 0.4667
0.0551 -0.4043 0.9130
-0.5127 0.4220 -0.7477
-0.2242 -0.1608 -0.9612
-0.1219 -0.6775 0.7253
0.6608 0.7009 -0.2683
-0.7092 -0.4653 0.5296
-0.6149 0.3097 0.7253
-0.9447 -0.0851 0.3167
-0.4542 0.7338 0.5052
-0.1695 -0.9843 -0.0488
-0.9747 0.0618 0.2148
-0.6168 -0.6550 -0.4365
-0.4597 -0.8856 0.0666
0.4382 -0.3679 0.8202
0.6713 -0.7166 0.1893
-0.9542 -0.2968 0.0382
0.1590 0.8065 -0.5695
-0.8250 -0.3342 -0.4557
-0.3306 -0.3751 0.8660
-0.3207 0.9406 -0.1119
0.0007 -0.8579 -0.5139
0.1936 -0.9302 0.3119
-0.8210 -0.4277 0.3781
0.6811 -0.6228 -0.3850
0.9227 -0.2392 0.3023
-0.0004 0.9935 -0.1138
0.8149 0.1995 0.5442
0.5958 0.6811 -0.4257
0.9324 -0.3583 -0.0473
0.1549 0.9879 -0.0089
-0.9578 -0.1130 -0.2645
0.7807 -0.5719 -0.2520
0.8469 0.4075 -0.3415
-0.8358 -0.4659 -0.2907
0.1742 0.9126 0.3699
0.0427 -0.0958 0.9945
-0.5158 -0.3510 0.7815
0.8653 -0.4134 0.2834
0.9182 0.1531 0.3654
0.5056 -0.7145 0.4836
-0.5823 0.1375 0.8013
0.5752 -0.6158 -0.5385
-0.2048 0.3498 -0.9142
-0.5972 -0.7582 -0.2617
0.7346 0.5540 -0.3917
0.0663 -0.9343 -0.3502
0.8809 -0.2917 -0.3727
0.7503 -0.5068 0.4246
-0.9503 -0.2327 0.2070
0.2720 -0.7553 -0.5963
-0.7693 -0.6374 0.0439
0.3122 0.7099 -0.6314
-0.6771 -0.0072 0.7359
0.7393 0.3893 0.5494
-0.1337 0.3871 0.9123
-0.0221 -0.1964 -0.9803
0.8815 -0.4130 -0.2288
0.7353 0.6717 0.0900
0.5655 -0.0306 0.8242
-0.7136 0.6009 -0.3602
0.0986 0.3949 0.9134
-0.9267 0.2067 0.3140
0.0019 0.9963 0.0859
0.2656 -0.3670 -0.8915
0.0959 -0.7619 -0.6405
0.4001 -0.9161 0.0273
0.9805 0.1850 0.0656
-0.6914 -0.7134 -0.1141
0.9844 -0.0597 -0.1657
0.3522 -0.5198 0.7783
-0.4654 0.0706 -0.8823
-0.3536 -0.7792 -0.5176
0.7623 0.4073 -0.5030
0.1582 -0.5402 0.8266
-0.6278 0.7778 0.0306
-0.2231 -0.7829 0.5808
0.3123 0.4191 -0.8525
0.1463 -0.5055 -0.8503
-0.3191 0.9448 0.0739
-0.2800 -0.9551 0.0969
0.9363 0.2697 0.2248
0.7212 -0.2018 -0.6627
0.3390 -0.9298 -0.1431
-0.9589 -0.2500 -0.1340
-0.8545 0.5105 -0.0963
0.4816 0.8016 -0.3543
-0.1511 0.8263 0.5425
0.1734 0.7067 0.6859
0.3101 -0.0881 -0.9466
0.1494 0.5436 -0.8260
-0.4290 -0.8705 -0.2412
-0.4716 0.8685 0.1526
0.4455 -0.6185 0.6473
0.6888 -0.4268 0.5861
-0.6128 0.6026 0.5112
0.8234 -0.3443 0.4510
-0.1601 0.9870 -0.0166
-0.9694 0.2185 0.1123
-0.0865 -0.7455 -0.6609
-0.3328 0.5902 0.7355
0.2625 -0.9536 0.1476
0.0111 0.7861 0.6179
-0.1603 0.8996 -0.4061
0.0966 -0.0632 -0.9933
0.1857 -0.2182 -0.9581
0.6143 -0.3080 0.7265
-0.3023 -0.8768 -0.3741
-0.6905 -0.6929 0.2078
-0.2358 -0.4573 -0.8575
0.6254 0.1243 0.7704
0.0043 0.0981 -0.9952
-0.7171 -0.3628 -0.5951
0.4897 0.7085 0.5081
0.8491 -0.1594 -0.5037
-0.5905 -0.6198 0.5169
0.9998 0.0016 0.0218
0.7934 -0.0881 0.6023
0.4549 0.2656 -0.8500
-0.3106 0.2622 0.9137
-0.5805 -0.4763 0.6604
0.9482 0.0826 -0.3068
-0.3578 -0.9306 -0.0776
-0.7882 -0.1871 -0.5863
-0.6202 0.4653 0.6315
0.1488 0.9649 -0.2162
0.5236 -0.8467 -0.0945
0.0326 -0.6361 -0.7710
-0.1133 -0.0299 -0.9931
-0.2399 -0.9460 -0.2179
-0.9726 0.2138 -0.0916
-0.4745 0.4540 0.7541
0.3365 0.7223 0.6042
-0.7450 0.6394 -0.1901
0.9834 -0.1806 -0.0167
0.2193 0.0661 -0.9734
-0.3521 0.5553 -0.7534
0.3953 -0.6228 -0.6751
0.6563 -0.6549 0.3746
0.7246 0.6834 -0.0888
0.3311 0.9031 0.2736
0.3945 -0.8883 0.2351
-0.3503 -0.0742 0.9337
-0.3425 0.2126 -0.9152
0.7520 -0.2625 0.6047
0.7821 -0.0355 -0.6221
0.6730 -0.1252 0.7290
0.3232 0.5900 0.7399
0.9401 -0.0469 0.3378
-0.1856 0.6681 -0.7206
0.2156 -0.6405 -0.7370
0.6375 -0.3622 -0.6800
-0.1185 -0.9215 -0.3698
-0.2735 -0.7059 -0.6534
-0.5367 -0.8380 -0.0984
0.2980 0.9484 -0.1083
0.7803 -0.5734 0.2497
-0.9253 0.0285 -0.3781
0.6276 -0.7458 -0.2234
-0.6070 -0.1820 0.7736
-0.3126 0.4301 0.8469
0.5994 0.4337 0.6728
0.2143 0.2538 0.9432
-0.4847 -0.7791 -0.3975
-0.2910 -0.8591 0.4211
-0.2527 0.0723 0.9648
0.8890 0.0198 -0.4574
0.9352 -0.1136 -0.3355
-0.8067 0.0270 0.5904
0.8610 0.4275 0.2756
-0.7562 0.6542 -0.0137
0.8685 0.2420 -0.4325
-0.0446 -0.4887 -0.8713
-0.3323 -0.5752 -0.7475
0.3823 0.2851 0.8789
-0.9158 0.3530 -0.1918
0.5104 -0.2040 0.8354
-0.8102 -0.5722 -0.1270
0.1820 -0.8596 -0.4774
0.5428 -0.7829 0.3041
0.9213 0.3822 0.0712
-0.3064 0.9048 -0.2958
0.8710 -0.1682 0.4615
-0.3119 0.8181 -0.4832
-0.9815 0.0522 -0.1842
0.6024 0.2693 -0.7514
-0.4646 -0.6137 0.6384
0.5836 0.7985 -0.1476
-0.5989 -0.7109 0.3687
-0.4472 0.8317 0.3290
-0.4810 0.8764 -0.0242
-0.1675 0.7952 -0.5827
0.2517 -0.3946 0.8837
0.4554 -0.8511 -0.2613
0.7771 -0.6258 0.0675
0.0258 0.2453 0.9691
-0.2982 -0.6581 0.6914
0.8524 0.3190 0.4143
-0.0557 0.0632 0.9964
0.8385 0.5276 0.1358
0.7464 0.0673 0.6621
-0.0501 -0.2523 0.9663
-0.0020 -0.9525 0.3046
0.5454 -0.7457 -0.3828
-0.7229 0.1675 0.6704
-0.3043 0.9166 0.2595
-0.8243 0.4919 0.2803
-0.5428 -0.8130 0.2106
0.7920 0.5684 -0.2228
-0.5989 0.7294 -0.3308
-0.8390 0.1959 0.5076
0.0118 0.8886 0.4586
-0.7441 0.3320 0.5797
-0.4238 0.1093 0.8991
0.1466 -0.7772 0.6119
0.2997 0.9025 -0.3095
-0.4687 0.2892 0.8347
0.5685 -0.2275 -0.7906
-0.8493 0.3458 0.3989
-0.4068 -0.1117 -0.9067
0.3341 -0.2331 0.9133
0.1387 0.3888 -0.9108
-0.8625 -0.1178 0.4921
0.4870 -0.0768 -0.8700
0.9307 0.2556 -0.2617
0.7352 0.2822 -0.6164
-0.4073 -0.7410 0.5339
0.2076 -0.9780 -0.0188
-0.7231 -0.5790 0.3768
0.8699 0.0336 0.4922
-0.6449 0.2816 -0.7105
0.3603 -0.8335 -0.4190
0.3375 0.8282 0.4475
0.3219 0.8217 -0.4703
-0.1904 -0.9409 0.2800
-0.0087 0.7534 -0.6575
0.3216 0.5732 -0.7537
0.3880 -0.8310 0.3986
-0.9108 0.3597 0.2024
-0.4900 -0.5379 -0.6860
0.1573 0.5632 0.8112
0.6274 0.6708 0.3954
-0.5738 -0.0699 -0.8160
-0.4795 0.6036 0.6370
0.5337 -0.8371 0.1202
-0.7267 -0.6233 -0.2888
0.7581 0.5042 0.4136
0.7447 0.6101 0.2705
-0.9062 0.0560 0.4192
-0.4187 -0.4133 -0.8086
0.4793 0.5817 -0.6571
0.1269 0.0822 0.9885
-0.5017 0.2502 -0.8280
-0.0386 -0.7941 0.6066
0.4669 -0.3805 -0.7983
0.5370 -0.4719 0.6992
-0.7127 0.6132 0.3406
-0.8762 -0.4800 0.0423
0.0855 -0.9853 0.1478
0.6212 0.7513 0.2231
0.9851 0.1169 -0.1258
0.0078 0.9601 0.2795
-0.0535 -0.9779 -0.2020
0.7370 -0.6664 -0.1127
-0.7436 0.4769 0.4686
0.6206 0.4257 -0.6585
0.6868 -0.4827 -0.5434
-0.4964 0.5783 -0.6474
-0.7456 0.6458 0.1643
0.3953 0.0850 -0.9146
-0.8062 -0.5525 0.2117
0.2959 0.2477 -0.9226
-0.9893 -0.0958 0.1103
0.4727 0.4335 -0.7672
-0.6210 0.1073 -0.7765
-0.1958 0.5176 -0.8329
-0.1470 0.2204 0.9643
-0.1784 -0.8321 -0.5252
0.4829 0.5880 0.6490
-0.9013 -0.4150 -0.1242
-0.2471 -0.2369 0.9396
0.9792 -0.1180 0.1650
-0.6275 -0.5268 -0.5734
-0.7546 0.1360 -0.6420
-0.8372 -0.0075 -0.5468
0.1261 0.2206 -0.9672
0.9500 -0.2424 -0.1968
0.2274 -0.0809 0.9704
-0.3640 0.3921 -0.8448
-0.7436 -0.5028 -0.4407
0.6976 0.1118 -0.7077
-0.9366 0.1941 -0.2917
-0.6611 -0.2127 -0.7195
-0.3266 -0.2897 -0.8996
-0.6193 0.5978 -0.5090
0.3172 0.9443 0.0876
0.3360 -0.5033 -0.7961
-0.8891 -0.2611 0.3760
0.3930 -0.2396 -0.8878
-0.4493 0.8141 -0.3679
-0.0224 0.6178 -0.7860
-0.5797 0.7231 0.3756
0.6061 -0.5787 0.5457
0.4874 0.8022 0.3449
-0.4387 -0.2164 0.8722
0.0591 -0.8833 0.4650
0.6471 -0.7624 0.0026
-0.4778 -0.6674 -0.5712
0.4380 0.8759 -0.2024
0.8160 0.1379 -0.5614
-0.4743 0.8576 -0.1990
0.2552 -0.9179 -0.3039
-0.5057 -0.2455 -0.8270
-0.6294 -0.7755 0.0490
0.4416 0.4487 0.7769
-0.8292 0.4825 -0.2822
-0.1412 -0.3980 0.9064
0.8752 -0.4719 0.1067
0.0668 -0.3550 -0.9325
-0.6238 0.7673 -0.1487
-0.1330 -0.3296 -0.9347
-0.2952 0.0254 -0.9551
0.6078 0.7932 0.0375
-0.1545 -0.0910 0.9838
-0.6127 0.7630 0.2060
-0.0088 0.8653 -0.5012
-0.0304 0.4640 -0.8853
0.6302 0.5586 0.5392
0.4586 0.8885 -0.0172
0.4777 0.8625 0.1668
-0.3046 0.8415 0.4462
0.5544 0.0974 -0.8265
-0.8532 0.5134 0.0924
0.5435 0.2923 0.7869
0.0024 0.6582 0.7528
-0.1590 0.7038 0.6924
0.6449 -0.0602 -0.7619
-0.7190 -0.0384 -0.6939
0.0174 -0.9995 -0.0266
-0.8878 -0.1530 -0.4341
0.1469 -0.2514 0.9567
-0.9931 -0.0963 -0.0668
-0.5224 -0.0401 0.8518
0.4389 -0.7240 -0.5321
0.8908 0.4239 -0.1635
0.7788 -0.3252 -0.5364
-0.5841 -0.3812 -0.7166
-0.1508 -0.6113 -0.7769
0.9762 0.0714 0.2049
0.1337 -0.9745 -0.1804
-0.1174 -0.8848 0.4510
-0.1776 0.5575 0.8109
-0.1531 0.9723 0.1767
-0.0160 0.5101 0.8600
-0.3116 0.7296 0.6088
0.7949 -0.4584 -0.3975
0.3399 -0.7456 0.5732
0.8508 -0.5199 -0.0757
-0.4567 -0.8048 0.3791
0.2750 0.4316 0.8591
-0.3407 0.6991 -0.6286
-0.1504 0.9175 0.3682
0.6937 0.2635 0.6704
-0.7665 0.3038 -0.5658
0.1657 0.9683 0.1867
0.6272 0.5549 -0.5465
-0.9976 0.0678 0.0164
-0.9296 0.3687 0.0047
0.1513 0.6831 -0.7145
-0.8612 0.1678 -0.4797
0.3063 0.0961 0.9471
-0.4042 -0.5014 0.7650
-0.0974 -0.9868 0.1295
0.9443 -0.3019 0.1307
0.1775 0.8243 0.5376
-0.6731 -0.3192 0.6672
-0.8939 -0.3976 0.2071
-0.7941 -0.2980 0.5297
-0.0400 0.2935 -0.9551
-0.7509 -0.1489 0.6434
-0.6444 0.4472 -0.6203
0.4043 -0.0602 0.9126
-0.9064 -0.2960 -0.3015
-0.0369 -0.5457 0.8372
0.8414 0.5390 -0.0386
0.9541 0.2895 -0.0768
-0.1730 0.1619 -0.9715
0.0616 -0.6734 0.7367
0.4598 0.7116 -0.5313
-0.0065 0.9491 -0.3150
0.5293 -0.5060 -0.6811
-0.3699 -0.8971 0.2418
-0.7556 0.4578 -0.4684
0.4693 0.1257 0.8741
0.1476 0.9010 -0.4079
-0.4837 0.7117 -0.5094
-0.2241 -0.5353 0.8144
0.2537 -0.6560 0.7109
-0.1563 0.9652 -0.2095
-0.8611 0.3293 -0.3874
0.2320 -0.8535 0.4667
0.0551 -0.4043 0.9130
-0.5127 0.4220 -0.7477
-0.2242 -0.1608 -0.9612
-0.1219 -0.6775 0.7253
0.6608 0.7009 -0.2683
-0.7092 -0.4653 0.5296
-0.6149 0.3097 0.7253
-0.9447 -0.0851 0.3167
-0.4542 0.7338 0.5052
-0.1695 -0.9843 -0.0488
-0.9747 0.0618 0.2148
-0.6168 -0.6550 -0.4365
-0.4597 -0.8856 0.0666
0.4382 -0.3679 0.8202
0.6713 -0.7166 0.1893
-0.9542 -0.2968 0.0382
0.1590 0.8065 -0.5695
-0.8250 -0.3342 -0.4557
-0.3306 -0.3751 0.8660
-0.3207 0.9406 -0.1119
0.0007 -0.8579 -0.5139
0.1936 -0.9302 0.3119
-0.8210 -0.4277 0.3781
0.6811 -0.6228 -0.3850
0.9227 -0.2392 0.3023
-0.0004 0.9935 -0.1138
0.8149 0.1995 0.5442
0.5958 0.6811 -0.4257
0.9324 -0.3583 -0.0473
0.1549 0.9879 -0.0089
-0.9578 -0.1130 -0.2645
0.7807 -0.5719 -0.2520
0.8469 0.4075 -0.3415
-0.8358 -0.4659 -0.2907
0.1742 0.9126 0.3699
0.0427 -0.0958 0.9945
-0.5158 -0.3510 0.7815
0.8653 -0.4134 0.2834
0.9182 0.1531 0.3654
0.5056 -0.7145 0.4836
-0.5823 0.1375 0.8013
0.5752 -0.6158 -0.5385
-0.2048 0.3498 -0.9142
-0.5972 -0.7582 -0.2617
0.7346 0.5540 -0.3917
0.0663 -0.9343 -0.3502
0.8809 -0.2917 -0.3727
0.7503 -0.5068 0.4246
-0.9503 -0.2327 0.2070
0.2720 -0.7553 -0.5963
-0.7693 -0.6374 0.0439
0.3122 0.7099 -0.6314
-0.6771 -0.0072 0.7359
0.7393 0.3893 0.5494
-0.1337 0.3871 0.9123
-0.0221 -0.1964 -0.9803
0.8815 -0.4130 -0.2288
0.7353 0.6717 0.0900
0.5655 -0.0306 0.8242
-0.7136 0.6009 -0.3602
0.0986 0.3949 0.9134
-0.9267 0.2067 0.3140
0.0019 0.9963 0.0859
0.2656 -0.3670 -0.8915
0.0959 -0.7619 -0.6405
0.4001 -0.9161 0.0273
0.9805 0.1850 0.0656
-0.6914 -0.7134 -0.1141
0.9844 -0.0597 -0.1657
0.3522 -0.5198 0.7783
-0.4654 0.0706 -0.8823
-0.3536 -0.7792 -0.5176
0.7623 0.4073 -0.5030
0.1582 -0.5402 0.8266
-0.6278 0.7778 0.0306
-0.2231 -0.7829 0.5808
0.3123 0.4191 -0.8525
0.1463 -0.5055 -0.8503
