VERSION: 1
0.000000 0.000000 0.000000 0.000000 0.035660 0.022932 0.077400
0.753724 0.016936 0.656973 0.030796 0.035660 0.022932 0.077400
-0.263881 -0.911115 0.316602 0.030796 0.035660 0.022932 0.077400
-0.147930 -0.988486 0.031809 0.030796 0.035660 0.022932 0.077400
-0.071212 -0.148481 0.986348 0.030796 0.035660 0.022932 0.077400
-0.910151 0.399539 0.109519 0.030796 0.035660 0.022932 0.077400
-0.745893 0.546841 0.380275 0.030796 0.035660 0.022932 0.077400
-0.372834 0.864766 0.336413 0.030796 0.035660 0.022932 0.077400
0.877466 -0.167433 0.449466 0.030796 0.035660 0.022932 0.077400
0.220992 -0.098908 0.970247 0.030796 0.035660 0.022932 0.077400
-0.371832 -0.454406 0.809479 0.030796 0.035660 0.022932 0.077400
-0.209395 0.976959 0.041284 0.030796 0.035660 0.022932 0.077400
-0.378376 -0.156090 0.912397 0.030796 0.035660 0.022932 0.077400
-0.973145 0.005867 0.230117 0.030796 0.035660 0.022932 0.077400
0.039312 -0.649536 0.759314 0.030796 0.035660 0.022932 0.077400
-0.986641 -0.162852 0.004433 0.030796 0.035660 0.022932 0.077400
-0.853209 -0.113042 0.509173 0.030796 0.035660 0.022932 0.077400
0.556765 0.769545 0.312751 0.030796 0.035660 0.022932 0.077400
-0.791514 -0.587908 0.166944 0.030796 0.035660 0.022932 0.077400
0.261046 -0.413524 0.872269 0.030796 0.035660 0.022932 0.077400
0.495448 -0.177518 0.850305 0.030796 0.035660 0.022932 0.077400
0.189660 0.580387 0.791947 0.030796 0.035660 0.022932 0.077400
0.253528 0.206107 0.945116 0.030796 0.035660 0.022932 0.077400
0.773714 0.610564 0.169050 0.030796 0.035660 0.022932 0.077400
0.885190 -0.395621 0.244791 0.030796 0.035660 0.022932 0.077400
0.201225 0.877285 0.435752 0.030796 0.035660 0.022932 0.077400
0.549715 -0.834321 0.041489 0.030796 0.035660 0.022932 0.077400
-0.070815 0.816991 0.572285 0.030796 0.035660 0.022932 0.077400
-0.641976 -0.070768 0.763452 0.030796 0.035660 0.022932 0.077400
-0.062633 0.955934 0.286824 0.030796 0.035660 0.022932 0.077400
-0.525756 -0.793335 0.306922 0.030796 0.035660 0.022932 0.077400
-0.137066 0.625054 0.768453 0.030796 0.035660 0.022932 0.077400
0.779816 0.311789 0.542839 0.030796 0.035660 0.022932 0.077400
0.052864 -0.958966 0.278548 0.030796 0.035660 0.022932 0.077400
0.666665 -0.331292 0.667685 0.030796 0.035660 0.022932 0.077400
-0.381447 -0.684267 0.621511 0.030796 0.035660 0.022932 0.077400
0.930343 0.133465 0.341538 0.030796 0.035660 0.022932 0.077400
-0.573671 -0.818868 0.018911 0.030796 0.035660 0.022932 0.077400
0.224291 -0.806923 0.546415 0.030796 0.035660 0.022932 0.077400
-0.425117 0.693475 0.581694 0.030796 0.035660 0.022932 0.077400
0.344688 -0.909779 0.231285 0.030796 0.035660 0.022932 0.077400
-0.883846 -0.345387 0.315475 0.030796 0.035660 0.022932 0.077400
-0.109307 -0.817558 0.565376 0.030796 0.035660 0.022932 0.077400
-0.141863 0.137170 0.980336 0.030796 0.035660 0.022932 0.077400
-0.076753 -0.429411 0.899842 0.030796 0.035660 0.022932 0.077400
0.481821 0.424759 0.766439 0.030796 0.035660 0.022932 0.077400
0.540358 0.138827 0.829904 0.030796 0.035660 0.022932 0.077400
0.334821 0.927479 0.166364 0.030796 0.035660 0.022932 0.077400
-0.355187 0.433547 0.828178 0.030796 0.035660 0.022932 0.077400
0.984947 -0.140413 0.100815 0.030796 0.035660 0.022932 0.077400
0.525507 -0.747832 0.405695 0.030796 0.035660 0.022932 0.077400
0.711847 -0.538098 0.451358 0.030796 0.035660 0.022932 0.077400
-0.631522 0.743805 0.218938 0.030796 0.035660 0.022932 0.077400
0.656035 0.558704 0.507413 0.030796 0.035660 0.022932 0.077400
-0.653276 -0.356728 0.667814 0.030796 0.035660 0.022932 0.077400
0.429339 -0.584086 0.688848 0.030796 0.035660 0.022932 0.077400
-0.616801 0.452855 0.643800 0.030796 0.035660 0.022932 0.077400
-0.662453 -0.576582 0.478236 0.030796 0.035660 0.022932 0.077400
-0.747729 0.185786 0.637484 0.030796 0.035660 0.022932 0.077400
0.003287 0.379787 0.925068 0.030796 0.035660 0.022932 0.077400
-0.455577 0.164069 0.874946 0.030796 0.035660 0.022932 0.077400
0.375654 0.705437 0.601035 0.030796 0.035660 0.022932 0.077400
-0.890977 0.252225 0.377549 0.030796 0.035660 0.022932 0.077400
0.912680 0.385599 0.135381 0.030796 0.035660 0.022932 0.077400
0.774605 -0.626992 0.082874 0.030796 0.035660 0.022932 0.077400
0.000000 0.000000 0.000000 0.000000 0.035660 0.022932 0.077400
0.216997 -0.956373 0.195607 0.043552 0.035660 0.022932 0.077400
0.021717 0.968058 0.249783 0.043552 0.035660 0.022932 0.077400
-0.480902 -0.278800 0.831266 0.043552 0.035660 0.022932 0.077400
0.601956 0.081523 0.794357 0.043552 0.035660 0.022932 0.077400
0.048039 0.046767 0.997750 0.043552 0.035660 0.022932 0.077400
0.902170 -0.110385 0.417018 0.043552 0.035660 0.022932 0.077400
-0.460877 0.047847 0.886173 0.043552 0.035660 0.022932 0.077400
-0.418831 -0.570286 0.706650 0.043552 0.035660 0.022932 0.077400
0.421315 -0.819108 0.389301 0.043552 0.035660 0.022932 0.077400
-0.070732 -0.995531 0.062570 0.043552 0.035660 0.022932 0.077400
0.187435 0.736353 0.650117 0.043552 0.035660 0.022932 0.077400
0.769678 0.486273 0.413683 0.043552 0.035660 0.022932 0.077400
0.788374 -0.614091 0.036871 0.043552 0.035660 0.022932 0.077400
-0.984070 -0.027010 0.175720 0.043552 0.035660 0.022932 0.077400
0.910408 -0.366005 0.192864 0.043552 0.035660 0.022932 0.077400
-0.726025 -0.153264 0.670371 0.043552 0.035660 0.022932 0.077400
-0.802566 -0.547560 0.236780 0.043552 0.035660 0.022932 0.077400
-0.621953 -0.779306 0.076529 0.043552 0.035660 0.022932 0.077400
0.098436 -0.287061 0.952841 0.043552 0.035660 0.022932 0.077400
-0.269967 0.955405 0.119666 0.043552 0.035660 0.022932 0.077400
0.057226 0.355573 0.932895 0.043552 0.035660 0.022932 0.077400
0.687217 -0.650171 0.324053 0.043552 0.035660 0.022932 0.077400
-0.881340 -0.269227 0.388274 0.043552 0.035660 0.022932 0.077400
-0.949305 -0.310821 0.047020 0.043552 0.035660 0.022932 0.077400
0.816972 0.167303 0.551875 0.043552 0.035660 0.022932 0.077400
0.526118 -0.846615 0.080266 0.043552 0.035660 0.022932 0.077400
0.360390 0.928775 0.086583 0.043552 0.035660 0.022932 0.077400
0.511451 0.664228 0.545178 0.043552 0.035660 0.022932 0.077400
0.820955 0.561502 0.103674 0.043552 0.035660 0.022932 0.077400
-0.947657 0.287912 0.138030 0.043552 0.035660 0.022932 0.077400
-0.684135 -0.458195 0.567465 0.043552 0.035660 0.022932 0.077400
-0.352128 0.843608 0.405378 0.043552 0.035660 0.022932 0.077400
-0.327322 0.655255 0.680809 0.043552 0.035660 0.022932 0.077400
-0.176625 -0.427786 0.886455 0.043552 0.035660 0.022932 0.077400
-0.068569 0.592807 0.802420 0.043552 0.035660 0.022932 0.077400
0.934300 0.240986 0.262696 0.043552 0.035660 0.022932 0.077400
0.190409 -0.784969 0.589549 0.043552 0.035660 0.022932 0.077400
0.609958 0.388079 0.690903 0.043552 0.035660 0.022932 0.077400
0.500780 -0.603791 0.620206 0.043552 0.035660 0.022932 0.077400
-0.243434 0.280235 0.928552 0.043552 0.035660 0.022932 0.077400
-0.072695 -0.679484 0.730080 0.043552 0.035660 0.022932 0.077400
-0.027842 -0.917518 0.396719 0.043552 0.035660 0.022932 0.077400
-0.490922 0.403874 0.771934 0.043552 0.035660 0.022932 0.077400
0.760929 -0.413220 0.500236 0.043552 0.035660 0.022932 0.077400
0.991150 -0.048395 0.123611 0.043552 0.035660 0.022932 0.077400
-0.573667 -0.713884 0.401592 0.043552 0.035660 0.022932 0.077400
-0.345721 -0.908886 0.233244 0.043552 0.035660 0.022932 0.077400
-0.889213 0.063090 0.453122 0.043552 0.035660 0.022932 0.077400
0.345569 0.214263 0.913605 0.043552 0.035660 0.022932 0.077400
0.712656 -0.170944 0.680368 0.043552 0.035660 0.022932 0.077400
0.214577 -0.541042 0.813161 0.043552 0.035660 0.022932 0.077400
0.298474 0.872353 0.387187 0.043552 0.035660 0.022932 0.077400
0.355500 -0.107440 0.928481 0.043552 0.035660 0.022932 0.077400
-0.070804 0.846047 0.528386 0.043552 0.035660 0.022932 0.077400
-0.791954 0.354690 0.496995 0.043552 0.035660 0.022932 0.077400
-0.589680 0.778497 0.214987 0.043552 0.035660 0.022932 0.077400
0.325312 0.509142 0.796835 0.043552 0.035660 0.022932 0.077400
-0.597338 0.611660 0.518709 0.043552 0.035660 0.022932 0.077400
-0.684573 0.159449 0.711291 0.043552 0.035660 0.022932 0.077400
-0.210719 -0.110787 0.971249 0.043552 0.035660 0.022932 0.077400
-0.286036 -0.798334 0.529949 0.043552 0.035660 0.022932 0.077400
0.603093 0.756845 0.251922 0.043552 0.035660 0.022932 0.077400
0.483924 -0.353772 0.800414 0.043552 0.035660 0.022932 0.077400
-0.804056 0.536922 0.255361 0.043552 0.035660 0.022932 0.077400
0.000000 0.000000 0.000000 0.000000 0.035660 0.022932 0.077400
0.408709 -0.221367 0.885412 0.068862 0.035660 0.022932 0.077400
-0.358885 -0.654593 0.665365 0.068862 0.035660 0.022932 0.077400
-0.562954 -0.533089 0.631585 0.068862 0.035660 0.022932 0.077400
-0.009425 0.890079 0.455709 0.068862 0.035660 0.022932 0.077400
-0.976892 0.133146 0.167196 0.068862 0.035660 0.022932 0.077400
0.380826 0.449502 0.808035 0.068862 0.035660 0.022932 0.077400
-0.998605 -0.038335 0.036307 0.068862 0.035660 0.022932 0.077400
0.607101 -0.637736 0.474047 0.068862 0.035660 0.022932 0.077400
0.732199 -0.406532 0.546458 0.068862 0.035660 0.022932 0.077400
-0.740011 0.432792 0.514854 0.068862 0.035660 0.022932 0.077400
0.716628 0.605638 0.345900 0.068862 0.035660 0.022932 0.077400
-0.801804 0.214551 0.557744 0.068862 0.035660 0.022932 0.077400
0.580120 0.403028 0.707834 0.068862 0.035660 0.022932 0.077400
-0.294828 0.467254 0.833517 0.068862 0.035660 0.022932 0.077400
0.533704 0.216907 0.817381 0.068862 0.035660 0.022932 0.077400
-0.677856 -0.734726 0.026250 0.068862 0.035660 0.022932 0.077400
-0.316091 -0.941307 0.118435 0.068862 0.035660 0.022932 0.077400
-0.643497 0.317657 0.696424 0.068862 0.035660 0.022932 0.077400
0.984484 -0.012869 0.175002 0.068862 0.035660 0.022932 0.077400
-0.818446 0.491275 0.297985 0.068862 0.035660 0.022932 0.077400
-0.108579 -0.981390 0.158383 0.068862 0.035660 0.022932 0.077400
-0.001586 -0.286822 0.957983 0.068862 0.035660 0.022932 0.077400
-0.888448 0.295129 0.351509 0.068862 0.035660 0.022932 0.077400
-0.012161 -0.833016 0.553116 0.068862 0.035660 0.022932 0.077400
0.926922 -0.064844 0.369609 0.068862 0.035660 0.022932 0.077400
-0.162390 0.619438 0.768067 0.068862 0.035660 0.022932 0.077400
0.824167 0.022873 0.565885 0.068862 0.035660 0.022932 0.077400
0.354749 0.774913 0.523127 0.068862 0.035660 0.022932 0.077400
0.224027 0.899835 0.374311 0.068862 0.035660 0.022932 0.077400
-0.832400 -0.017395 0.553903 0.068862 0.035660 0.022932 0.077400
0.143278 0.797449 0.586129 0.068862 0.035660 0.022932 0.077400
-0.265771 0.251276 0.930713 0.068862 0.035660 0.022932 0.077400
-0.873401 -0.218080 0.435444 0.068862 0.035660 0.022932 0.077400
0.753029 0.277338 0.596683 0.068862 0.035660 0.022932 0.077400
-0.191850 -0.454553 0.869813 0.068862 0.035660 0.022932 0.077400
-0.368133 -0.056242 0.928070 0.068862 0.035660 0.022932 0.077400
0.967479 0.252805 0.008649 0.068862 0.035660 0.022932 0.077400
-0.594078 -0.334304 0.731650 0.068862 0.035660 0.022932 0.077400
0.391991 -0.919944 0.006738 0.068862 0.035660 0.022932 0.077400
0.888242 0.173640 0.425295 0.068862 0.035660 0.022932 0.077400
0.022685 -0.500214 0.865605 0.068862 0.035660 0.022932 0.077400
-0.197060 0.976542 0.086794 0.068862 0.035660 0.022932 0.077400
0.774756 -0.622068 0.113070 0.068862 0.035660 0.022932 0.077400
0.211479 -0.358239 0.909363 0.068862 0.035660 0.022932 0.077400
-0.395795 -0.847759 0.353059 0.068862 0.035660 0.022932 0.077400
0.405459 0.875280 0.263606 0.068862 0.035660 0.022932 0.077400
-0.489456 0.501759 0.713212 0.068862 0.035660 0.022932 0.077400
-0.486280 0.756101 0.437998 0.068862 0.035660 0.022932 0.077400
-0.169124 0.936404 0.307481 0.068862 0.035660 0.022932 0.077400
0.161040 0.094631 0.982401 0.068862 0.035660 0.022932 0.077400
-0.928759 -0.311075 0.201593 0.068862 0.035660 0.022932 0.077400
-0.491731 -0.716790 0.494381 0.068862 0.035660 0.022932 0.077400
-0.880620 -0.472361 0.037202 0.068862 0.035660 0.022932 0.077400
0.683958 0.499308 0.531877 0.068862 0.035660 0.022932 0.077400
-0.377468 0.896468 0.232083 0.068862 0.035660 0.022932 0.077400
0.246994 0.963366 0.104498 0.068862 0.035660 0.022932 0.077400
0.142776 -0.979327 0.143299 0.068862 0.035660 0.022932 0.077400
-0.290207 0.834727 0.467986 0.068862 0.035660 0.022932 0.077400
0.905251 -0.292627 0.308041 0.068862 0.035660 0.022932 0.077400
-0.920468 0.075990 0.383358 0.068862 0.035660 0.022932 0.077400
-0.679671 0.645827 0.347785 0.068862 0.035660 0.022932 0.077400
-0.491403 0.109411 0.864032 0.068862 0.035660 0.022932 0.077400
-0.462574 0.309484 0.830810 0.068862 0.035660 0.022932 0.077400
0.207269 -0.133630 0.969114 0.068862 0.035660 0.022932 0.077400
-0.040754 0.213174 0.976164 0.068862 0.035660 0.022932 0.077400
0.147474 0.330571 0.932188 0.068862 0.035660 0.022932 0.077400
0.683857 0.103928 0.722176 0.068862 0.035660 0.022932 0.077400
0.504589 0.607367 0.613592 0.068862 0.035660 0.022932 0.077400
-0.717609 0.687955 0.108420 0.068862 0.035660 0.022932 0.077400
0.402567 -0.653492 0.641005 0.068862 0.035660 0.022932 0.077400
-0.850139 0.520706 0.078287 0.068862 0.035660 0.022932 0.077400
-0.212006 -0.231463 0.949462 0.068862 0.035660 0.022932 0.077400
-0.685851 0.088334 0.722361 0.068862 0.035660 0.022932 0.077400
-0.589422 0.590278 0.551501 0.068862 0.035660 0.022932 0.077400
-0.073347 0.436001 0.896952 0.068862 0.035660 0.022932 0.077400
0.329143 -0.915903 0.229752 0.068862 0.035660 0.022932 0.077400
-0.234090 -0.800400 0.551871 0.068862 0.035660 0.022932 0.077400
0.519949 -0.821981 0.232379 0.068862 0.035660 0.022932 0.077400
-0.514892 -0.841829 0.161898 0.068862 0.035660 0.022932 0.077400
-0.937123 0.331498 0.109135 0.068862 0.035660 0.022932 0.077400
0.562292 -0.059607 0.824788 0.068862 0.035660 0.022932 0.077400
0.476815 0.877467 0.051945 0.068862 0.035660 0.022932 0.077400
0.430677 -0.785392 0.444610 0.068862 0.035660 0.022932 0.077400
0.719463 -0.144633 0.679304 0.068862 0.035660 0.022932 0.077400
0.895011 -0.425260 0.134572 0.068862 0.035660 0.022932 0.077400
0.536592 0.735549 0.413565 0.068862 0.035660 0.022932 0.077400
-0.357816 0.676885 0.643268 0.068862 0.035660 0.022932 0.077400
-0.780185 -0.600370 0.175690 0.068862 0.035660 0.022932 0.077400
0.568351 -0.508928 0.646506 0.068862 0.035660 0.022932 0.077400
0.384773 0.022183 0.922745 0.068862 0.035660 0.022932 0.077400
-0.193074 -0.912616 0.360353 0.068862 0.035660 0.022932 0.077400
-0.420425 -0.268713 0.866623 0.068862 0.035660 0.022932 0.077400
0.410280 -0.437776 0.800014 0.068862 0.035660 0.022932 0.077400
-0.746387 -0.376276 0.548929 0.068862 0.035660 0.022932 0.077400
0.613897 0.763839 0.199198 0.068862 0.035660 0.022932 0.077400
0.783567 0.607546 0.130041 0.068862 0.035660 0.022932 0.077400
0.220399 -0.767642 0.601789 0.068862 0.035660 0.022932 0.077400
0.792558 -0.498177 0.351671 0.068862 0.035660 0.022932 0.077400
0.831105 0.393516 0.392950 0.068862 0.035660 0.022932 0.077400
0.974028 -0.209375 0.086204 0.068862 0.035660 0.022932 0.077400
0.019512 0.999253 0.033368 0.068862 0.035660 0.022932 0.077400
0.593757 -0.303480 0.745219 0.068862 0.035660 0.022932 0.077400
-0.629739 -0.719759 0.292192 0.068862 0.035660 0.022932 0.077400
-0.012581 -0.063396 0.997909 0.068862 0.035660 0.022932 0.077400
0.235015 -0.570494 0.786959 0.068862 0.035660 0.022932 0.077400
0.298656 0.638351 0.709445 0.068862 0.035660 0.022932 0.077400
0.053126 -0.688526 0.723264 0.068862 0.035660 0.022932 0.077400
0.026799 -0.938072 0.345403 0.068862 0.035660 0.022932 0.077400
0.146609 0.520055 0.841457 0.068862 0.035660 0.022932 0.077400
0.889132 0.417982 0.186377 0.068862 0.035660 0.022932 0.077400
0.342736 0.244214 0.907134 0.068862 0.035660 0.022932 0.077400
-0.194619 0.044665 0.979861 0.068862 0.035660 0.022932 0.077400
0.672919 -0.685744 0.277373 0.068862 0.035660 0.022932 0.077400
0.833167 -0.222904 0.506109 0.068862 0.035660 0.022932 0.077400
-0.154471 -0.654809 0.739840 0.068862 0.035660 0.022932 0.077400
-0.129671 0.780981 0.610945 0.068862 0.035660 0.022932 0.077400
-0.559764 0.800177 0.215362 0.068862 0.035660 0.022932 0.077400
0.046934 0.674986 0.736336 0.068862 0.035660 0.022932 0.077400
-0.734620 -0.170957 0.656587 0.068862 0.035660 0.022932 0.077400
0.218588 -0.881687 0.418147 0.068862 0.035660 0.022932 0.077400
-0.580457 -0.098590 0.808301 0.068862 0.035660 0.022932 0.077400
0.587263 -0.809029 0.024392 0.068862 0.035660 0.022932 0.077400
-0.391017 -0.473511 0.789236 0.068862 0.035660 0.022932 0.077400
-0.961066 -0.101670 0.256935 0.068862 0.035660 0.022932 0.077400
-0.686041 -0.575863 0.444669 0.068862 0.035660 0.022932 0.077400
0.953678 0.200923 0.223895 0.068862 0.035660 0.022932 0.077400
-0.830658 -0.444580 0.335196 0.068862 0.035660 0.022932 0.077400
0.054289 0.968326 0.243718 0.068862 0.035660 0.022932 0.077400
0.000000 0.000000 0.000000 0.000000 0.035660 0.022932 0.077400
