VERSION: 1
-5.841159999999999686e-01 -3.812409999999999966e-01 -7.165639999999999787e-01 3.079600000000000046e-02 3.565999999999999726e-02 2.293200000000000099e-02 7.739999999999999658e-02
-1.508269999999999889e-01 -6.112830000000000208e-01 -7.769070000000000142e-01 3.079600000000000046e-02 3.565999999999999726e-02 2.293200000000000099e-02 7.739999999999999658e-02
9.761819999999999942e-01 7.142800000000000538e-02 2.048590000000000133e-01 3.079600000000000046e-02 3.565999999999999726e-02 2.293200000000000099e-02 7.739999999999999658e-02
1.337260000000000115e-01 -9.744580000000000464e-01 -1.804129999999999900e-01 3.079600000000000046e-02 3.565999999999999726e-02 2.293200000000000099e-02 7.739999999999999658e-02
-1.173680000000000001e-01 -8.847559999999999869e-01 4.510330000000000172e-01 3.079600000000000046e-02 3.565999999999999726e-02 2.293200000000000099e-02 7.739999999999999658e-02
-1.776439999999999964e-01 5.575069999999999748e-01 8.109429999999999694e-01 3.079600000000000046e-02 3.565999999999999726e-02 2.293200000000000099e-02 7.739999999999999658e-02
-1.530920000000000059e-01 9.722929999999999628e-01 1.766610000000000125e-01 3.079600000000000046e-02 3.565999999999999726e-02 2.293200000000000099e-02 7.739999999999999658e-02
-1.599199999999999927e-02 5.101219999999999644e-01 8.599539999999999962e-01 3.079600000000000046e-02 3.565999999999999726e-02 2.293200000000000099e-02 7.739999999999999658e-02
-3.116039999999999921e-01 7.296000000000000263e-01 6.087590000000000501e-01 3.079600000000000046e-02 3.565999999999999726e-02 2.293200000000000099e-02 7.739999999999999658e-02
7.949000000000000510e-01 -4.583999999999999742e-01 -3.974960000000000160e-01 3.079600000000000046e-02 3.565999999999999726e-02 2.293200000000000099e-02 7.739999999999999658e-02
3.398860000000000214e-01 -7.456150000000000277e-01 5.731800000000000228e-01 3.079600000000000046e-02 3.565999999999999726e-02 2.293200000000000099e-02 7.739999999999999658e-02
8.508499999999999952e-01 -5.199310000000000320e-01 -7.567300000000000415e-02 3.079600000000000046e-02 3.565999999999999726e-02 2.293200000000000099e-02 7.739999999999999658e-02
-4.567169999999999841e-01 -8.048079999999999679e-01 3.790689999999999893e-01 3.079600000000000046e-02 3.565999999999999726e-02 2.293200000000000099e-02 7.739999999999999658e-02
2.750380000000000047e-01 4.316289999999999849e-01 8.590989999999999460e-01 3.079600000000000046e-02 3.565999999999999726e-02 2.293200000000000099e-02 7.739999999999999658e-02
-3.407220000000000248e-01 6.990769999999999484e-01 -6.286490000000000133e-01 3.079600000000000046e-02 3.565999999999999726e-02 2.293200000000000099e-02 7.739999999999999658e-02
-1.503960000000000019e-01 9.175050000000000150e-01 3.681920000000000193e-01 3.079600000000000046e-02 3.565999999999999726e-02 2.293200000000000099e-02 7.739999999999999658e-02
6.936940000000000328e-01 2.634540000000000215e-01 6.703590000000000382e-01 3.079600000000000046e-02 3.565999999999999726e-02 2.293200000000000099e-02 7.739999999999999658e-02
-7.665359999999999951e-01 3.037989999999999857e-01 -5.657990000000000519e-01 3.079600000000000046e-02 3.565999999999999726e-02 2.293200000000000099e-02 7.739999999999999658e-02
1.657359999999999944e-01 9.683270000000000488e-01 1.867459999999999953e-01 3.079600000000000046e-02 3.565999999999999726e-02 2.293200000000000099e-02 7.739999999999999658e-02
6.272290000000000365e-01 5.549049999999999816e-01 -5.465010000000000145e-01 3.079600000000000046e-02 3.565999999999999726e-02 2.293200000000000099e-02 7.739999999999999658e-02
-9.975640000000000063e-01 6.778800000000000103e-02 1.643100000000000116e-02 3.079600000000000046e-02 3.565999999999999726e-02 2.293200000000000099e-02 7.739999999999999658e-02
-9.295529999999999626e-01 3.686590000000000145e-01 4.669000000000000407e-03 3.079600000000000046e-02 3.565999999999999726e-02 2.293200000000000099e-02 7.739999999999999658e-02
1.513390000000000013e-01 6.831180000000000030e-01 -7.144549999999999512e-01 3.079600000000000046e-02 3.565999999999999726e-02 2.293200000000000099e-02 7.739999999999999658e-02
-8.612410000000000343e-01 1.678209999999999980e-01 -4.796869999999999745e-01 3.079600000000000046e-02 3.565999999999999726e-02 2.293200000000000099e-02 7.739999999999999658e-02
3.062710000000000155e-01 9.609900000000000386e-02 9.470809999999999507e-01 3.079600000000000046e-02 3.565999999999999726e-02 2.293200000000000099e-02 7.739999999999999658e-02
-4.041549999999999865e-01 -5.014159999999999728e-01 7.650099999999999678e-01 3.079600000000000046e-02 3.565999999999999726e-02 2.293200000000000099e-02 7.739999999999999658e-02
-9.737800000000000622e-02 -9.867860000000000520e-01 1.295000000000000040e-01 3.079600000000000046e-02 3.565999999999999726e-02 2.293200000000000099e-02 7.739999999999999658e-02
9.443259999999999987e-01 -3.019359999999999822e-01 1.307039999999999869e-01 3.079600000000000046e-02 3.565999999999999726e-02 2.293200000000000099e-02 7.739999999999999658e-02
1.775039999999999951e-01 8.243099999999999872e-01 5.375919999999999588e-01 3.079600000000000046e-02 3.565999999999999726e-02 2.293200000000000099e-02 7.739999999999999658e-02
-6.730570000000000164e-01 -3.191829999999999945e-01 6.671700000000000408e-01 3.079600000000000046e-02 3.565999999999999726e-02 2.293200000000000099e-02 7.739999999999999658e-02
-8.938779999999999504e-01 -3.975850000000000217e-01 2.071449999999999958e-01 3.079600000000000046e-02 3.565999999999999726e-02 2.293200000000000099e-02 7.739999999999999658e-02
-7.941120000000000401e-01 -2.980220000000000091e-01 5.296870000000000189e-01 3.079600000000000046e-02 3.565999999999999726e-02 2.293200000000000099e-02 7.739999999999999658e-02
-3.999099999999999877e-02 2.934880000000000266e-01 -9.551260000000000305e-01 3.079600000000000046e-02 3.565999999999999726e-02 2.293200000000000099e-02 7.739999999999999658e-02
-7.508960000000000079e-01 -1.488760000000000083e-01 6.434210000000000207e-01 3.079600000000000046e-02 3.565999999999999726e-02 2.293200000000000099e-02 7.739999999999999658e-02
-6.444210000000000216e-01 4.471700000000000119e-01 -6.202910000000000368e-01 3.079600000000000046e-02 3.565999999999999726e-02 2.293200000000000099e-02 7.739999999999999658e-02
4.043350000000000000e-01 -6.019700000000000051e-02 9.126279999999999948e-01 3.079600000000000046e-02 3.565999999999999726e-02 2.293200000000000099e-02 7.739999999999999658e-02
-9.063539999999999930e-01 -2.959729999999999861e-01 -3.015349999999999975e-01 3.079600000000000046e-02 3.565999999999999726e-02 2.293200000000000099e-02 7.739999999999999658e-02
-3.685100000000000181e-02 -5.456750000000000211e-01 8.371859999999999857e-01 3.079600000000000046e-02 3.565999999999999726e-02 2.293200000000000099e-02 7.739999999999999658e-02
8.414390000000000480e-01 5.389709999999999779e-01 -3.861499999999999655e-02 3.079600000000000046e-02 3.565999999999999726e-02 2.293200000000000099e-02 7.739999999999999658e-02
9.540830000000000144e-01 2.895289999999999808e-01 -7.680900000000000227e-02 3.079600000000000046e-02 3.565999999999999726e-02 2.293200000000000099e-02 7.739999999999999658e-02
-1.729680000000000106e-01 1.619480000000000086e-01 -9.715219999999999967e-01 3.079600000000000046e-02 3.565999999999999726e-02 2.293200000000000099e-02 7.739999999999999658e-02
6.157200000000000173e-02 -6.733759999999999746e-01 7.367320000000000535e-01 3.079600000000000046e-02 3.565999999999999726e-02 2.293200000000000099e-02 7.739999999999999658e-02
4.597600000000000020e-01 7.115989999999999815e-01 -5.312700000000000200e-01 3.079600000000000046e-02 3.565999999999999726e-02 2.293200000000000099e-02 7.739999999999999658e-02
-6.465000000000000260e-03 9.490589999999999860e-01 -3.150330000000000075e-01 3.079600000000000046e-02 3.565999999999999726e-02 2.293200000000000099e-02 7.739999999999999658e-02
5.293139999999999512e-01 -5.059500000000000108e-01 -6.810589999999999700e-01 3.079600000000000046e-02 3.565999999999999726e-02 2.293200000000000099e-02 7.739999999999999658e-02
-3.698670000000000013e-01 -8.970569999999999933e-01 2.418420000000000014e-01 3.079600000000000046e-02 3.565999999999999726e-02 2.293200000000000099e-02 7.739999999999999658e-02
-7.556469999999999576e-01 4.578289999999999860e-01 -4.683910000000000018e-01 3.079600000000000046e-02 3.565999999999999726e-02 2.293200000000000099e-02 7.739999999999999658e-02
4.692979999999999929e-01 1.256500000000000117e-01 8.740550000000000264e-01 3.079600000000000046e-02 3.565999999999999726e-02 2.293200000000000099e-02 7.739999999999999658e-02
1.476439999999999975e-01 9.010089999999999488e-01 -4.079019999999999868e-01 3.079600000000000046e-02 3.565999999999999726e-02 2.293200000000000099e-02 7.739999999999999658e-02
-4.837179999999999813e-01 7.117299999999999738e-01 -5.093699999999999894e-01 3.079600000000000046e-02 3.565999999999999726e-02 2.293200000000000099e-02 7.739999999999999658e-02
-2.240769999999999984e-01 -5.352679999999999660e-01 8.144179999999999753e-01 3.079600000000000046e-02 3.565999999999999726e-02 2.293200000000000099e-02 7.739999999999999658e-02
2.537019999999999831e-01 -6.559669999999999668e-01 7.108750000000000346e-01 3.079600000000000046e-02 3.565999999999999726e-02 2.293200000000000099e-02 7.739999999999999658e-02
-1.562949999999999895e-01 9.652439999999999909e-01 -2.094640000000000113e-01 3.079600000000000046e-02 3.565999999999999726e-02 2.293200000000000099e-02 7.739999999999999658e-02
-8.610689999999999733e-01 3.293440000000000256e-01 -3.874190000000000134e-01 3.079600000000000046e-02 3.565999999999999726e-02 2.293200000000000099e-02 7.739999999999999658e-02
2.320160000000000000e-01 -8.534559999999999924e-01 4.666710000000000025e-01 3.079600000000000046e-02 3.565999999999999726e-02 2.293200000000000099e-02 7.739999999999999658e-02
5.513699999999999851e-02 -4.043169999999999820e-01 9.129549999999999610e-01 3.079600000000000046e-02 3.565999999999999726e-02 2.293200000000000099e-02 7.739999999999999658e-02
-5.127009999999999623e-01 4.220459999999999767e-01 -7.476730000000000320e-01 3.079600000000000046e-02 3.565999999999999726e-02 2.293200000000000099e-02 7.739999999999999658e-02
-2.241869999999999974e-01 -1.607619999999999882e-01 -9.611950000000000216e-01 3.079600000000000046e-02 3.565999999999999726e-02 2.293200000000000099e-02 7.739999999999999658e-02
-1.218660000000000021e-01 -6.775330000000000519e-01 7.253260000000000263e-01 3.079600000000000046e-02 3.565999999999999726e-02 2.293200000000000099e-02 7.739999999999999658e-02
6.608349999999999502e-01 7.009469999999999867e-01 -2.682740000000000125e-01 3.079600000000000046e-02 3.565999999999999726e-02 2.293200000000000099e-02 7.739999999999999658e-02
-7.091939999999999911e-01 -4.653229999999999866e-01 5.296399999999999997e-01 3.079600000000000046e-02 3.565999999999999726e-02 2.293200000000000099e-02 7.739999999999999658e-02
-6.148660000000000236e-01 3.096760000000000068e-01 7.252859999999999863e-01 3.079600000000000046e-02 3.565999999999999726e-02 2.293200000000000099e-02 7.739999999999999658e-02
-9.446879999999999722e-01 -8.512999999999999734e-02 3.167309999999999848e-01 3.079600000000000046e-02 3.565999999999999726e-02 2.293200000000000099e-02 7.739999999999999658e-02
-4.541939999999999866e-01 7.338219999999999743e-01 5.051860000000000239e-01 3.079600000000000046e-02 3.565999999999999726e-02 2.293200000000000099e-02 7.739999999999999658e-02
-1.694630000000000025e-01 -9.843260000000000343e-01 -4.883200000000000041e-02 3.079600000000000046e-02 3.565999999999999726e-02 2.293200000000000099e-02 7.739999999999999658e-02
-9.747000000000000108e-01 6.176899999999999752e-02 2.148120000000000029e-01 3.079600000000000046e-02 3.565999999999999726e-02 2.293200000000000099e-02 7.739999999999999658e-02
-6.168449999999999767e-01 -6.549709999999999699e-01 -4.364810000000000079e-01 3.079600000000000046e-02 3.565999999999999726e-02 2.293200000000000099e-02 7.739999999999999658e-02
-4.597209999999999908e-01 -8.855619999999999603e-01 6.660000000000000642e-02 3.079600000000000046e-02 3.565999999999999726e-02 2.293200000000000099e-02 7.739999999999999658e-02
4.381610000000000227e-01 -3.679140000000000188e-01 8.201549999999999674e-01 3.079600000000000046e-02 3.565999999999999726e-02 2.293200000000000099e-02 7.739999999999999658e-02
6.712820000000000453e-01 -7.166259999999999852e-01 1.892820000000000058e-01 3.079600000000000046e-02 3.565999999999999726e-02 2.293200000000000099e-02 7.739999999999999658e-02
-9.541629999999999834e-01 -2.968450000000000255e-01 3.816699999999999954e-02 3.079600000000000046e-02 3.565999999999999726e-02 2.293200000000000099e-02 7.739999999999999658e-02
1.589790000000000092e-01 8.064620000000000122e-01 -5.695120000000000182e-01 3.079600000000000046e-02 3.565999999999999726e-02 2.293200000000000099e-02 7.739999999999999658e-02
-8.249870000000000259e-01 -3.342280000000000251e-01 -4.557269999999999932e-01 3.079600000000000046e-02 3.565999999999999726e-02 2.293200000000000099e-02 7.739999999999999658e-02
-3.305609999999999937e-01 -3.750970000000000137e-01 8.660440000000000360e-01 3.079600000000000046e-02 3.565999999999999726e-02 2.293200000000000099e-02 7.739999999999999658e-02
-3.206550000000000233e-01 9.405679999999999596e-01 -1.118600000000000011e-01 3.079600000000000046e-02 3.565999999999999726e-02 2.293200000000000099e-02 7.739999999999999658e-02
6.920000000000000153e-04 -8.578770000000000007e-01 -5.138549999999999507e-01 3.079600000000000046e-02 3.565999999999999726e-02 2.293200000000000099e-02 7.739999999999999658e-02
1.936009999999999953e-01 -9.301810000000000356e-01 3.119009999999999838e-01 3.079600000000000046e-02 3.565999999999999726e-02 2.293200000000000099e-02 7.739999999999999658e-02
-8.210399999999999920e-01 -4.277210000000000178e-01 3.780839999999999756e-01 3.079600000000000046e-02 3.565999999999999726e-02 2.293200000000000099e-02 7.739999999999999658e-02
6.811120000000000507e-01 -6.227859999999999507e-01 -3.849989999999999801e-01 3.079600000000000046e-02 3.565999999999999726e-02 2.293200000000000099e-02 7.739999999999999658e-02
9.227330000000000254e-01 -2.391629999999999867e-01 3.022670000000000079e-01 3.079600000000000046e-02 3.565999999999999726e-02 2.293200000000000099e-02 7.739999999999999658e-02
-3.519999999999999908e-04 9.935079999999999467e-01 -1.137610000000000010e-01 3.079600000000000046e-02 3.565999999999999726e-02 2.293200000000000099e-02 7.739999999999999658e-02
8.148849999999999705e-01 1.994869999999999977e-01 5.442129999999999468e-01 3.079600000000000046e-02 3.565999999999999726e-02 2.293200000000000099e-02 7.739999999999999658e-02
5.957710000000000505e-01 6.810699999999999532e-01 -4.256759999999999988e-01 3.079600000000000046e-02 3.565999999999999726e-02 2.293200000000000099e-02 7.739999999999999658e-02
9.324160000000000226e-01 -3.582819999999999894e-01 -4.727399999999999658e-02 3.079600000000000046e-02 3.565999999999999726e-02 2.293200000000000099e-02 7.739999999999999658e-02
1.548630000000000007e-01 9.878959999999999964e-01 -8.890000000000000333e-03 3.079600000000000046e-02 3.565999999999999726e-02 2.293200000000000099e-02 7.739999999999999658e-02
-9.577499999999999902e-01 -1.129870000000000041e-01 -2.644779999999999909e-01 3.079600000000000046e-02 3.565999999999999726e-02 2.293200000000000099e-02 7.739999999999999658e-02
7.806790000000000118e-01 -5.718649999999999567e-01 -2.520129999999999870e-01 3.079600000000000046e-02 3.565999999999999726e-02 2.293200000000000099e-02 7.739999999999999658e-02
8.469189999999999774e-01 4.075250000000000261e-01 -3.415429999999999855e-01 3.079600000000000046e-02 3.565999999999999726e-02 2.293200000000000099e-02 7.739999999999999658e-02
-8.357520000000000504e-01 -4.658510000000000151e-01 -2.906909999999999772e-01 3.079600000000000046e-02 3.565999999999999726e-02 2.293200000000000099e-02 7.739999999999999658e-02
1.742350000000000010e-01 9.126060000000000283e-01 3.698549999999999893e-01 3.079600000000000046e-02 3.565999999999999726e-02 2.293200000000000099e-02 7.739999999999999658e-02
4.272200000000000303e-02 -9.577299999999999702e-02 9.944859999999999811e-01 3.079600000000000046e-02 3.565999999999999726e-02 2.293200000000000099e-02 7.739999999999999658e-02
-5.157770000000000410e-01 -3.509519999999999862e-01 7.815410000000000412e-01 3.079600000000000046e-02 3.565999999999999726e-02 2.293200000000000099e-02 7.739999999999999658e-02
8.653100000000000236e-01 -4.134200000000000097e-01 2.834110000000000240e-01 3.079600000000000046e-02 3.565999999999999726e-02 2.293200000000000099e-02 7.739999999999999658e-02
9.181759999999999922e-01 1.530960000000000099e-01 3.653970000000000273e-01 3.079600000000000046e-02 3.565999999999999726e-02 2.293200000000000099e-02 7.739999999999999658e-02
5.055960000000000454e-01 -7.144939999999999625e-01 4.836019999999999763e-01 3.079600000000000046e-02 3.565999999999999726e-02 2.293200000000000099e-02 7.739999999999999658e-02
-5.823139999999999983e-01 1.374930000000000041e-01 8.012529999999999930e-01 3.079600000000000046e-02 3.565999999999999726e-02 2.293200000000000099e-02 7.739999999999999658e-02
5.751690000000000413e-01 -6.157909999999999773e-01 -5.384999999999999787e-01 3.079600000000000046e-02 3.565999999999999726e-02 2.293200000000000099e-02 7.739999999999999658e-02
-2.047589999999999966e-01 3.497709999999999986e-01 -9.141850000000000254e-01 3.079600000000000046e-02 3.565999999999999726e-02 2.293200000000000099e-02 7.739999999999999658e-02
-5.972420000000000506e-01 -7.581550000000000233e-01 -2.617300000000000182e-01 3.079600000000000046e-02 3.565999999999999726e-02 2.293200000000000099e-02 7.739999999999999658e-02
7.346359999999999557e-01 5.539669999999999872e-01 -3.917010000000000214e-01 3.079600000000000046e-02 3.565999999999999726e-02 2.293200000000000099e-02 7.739999999999999658e-02
6.630999999999999395e-02 -9.343129999999999491e-01 -3.502299999999999858e-01 3.079600000000000046e-02 3.565999999999999726e-02 2.293200000000000099e-02 7.739999999999999658e-02
8.809310000000000196e-01 -2.916590000000000016e-01 -3.726869999999999905e-01 3.079600000000000046e-02 3.565999999999999726e-02 2.293200000000000099e-02 7.739999999999999658e-02
7.502590000000000092e-01 -5.068179999999999907e-01 4.245550000000000157e-01 3.079600000000000046e-02 3.565999999999999726e-02 2.293200000000000099e-02 7.739999999999999658e-02
-9.502509999999999568e-01 -2.327470000000000094e-01 2.070049999999999946e-01 3.079600000000000046e-02 3.565999999999999726e-02 2.293200000000000099e-02 7.739999999999999658e-02
2.719610000000000083e-01 -7.552860000000000129e-01 -5.963060000000000027e-01 3.079600000000000046e-02 3.565999999999999726e-02 2.293200000000000099e-02 7.739999999999999658e-02
-7.693029999999999591e-01 -6.373760000000000536e-01 4.386099999999999721e-02 3.079600000000000046e-02 3.565999999999999726e-02 2.293200000000000099e-02 7.739999999999999658e-02
3.122199999999999975e-01 7.098659999999999970e-01 -6.313549999999999995e-01 3.079600000000000046e-02 3.565999999999999726e-02 2.293200000000000099e-02 7.739999999999999658e-02
-6.770669999999999744e-01 -7.235000000000000112e-03 7.358860000000000401e-01 3.079600000000000046e-02 3.565999999999999726e-02 2.293200000000000099e-02 7.739999999999999658e-02
7.393030000000000435e-01 3.892900000000000249e-01 5.494400000000000395e-01 3.079600000000000046e-02 3.565999999999999726e-02 2.293200000000000099e-02 7.739999999999999658e-02
-1.337319999999999898e-01 3.871189999999999909e-01 9.122799999999999798e-01 3.079600000000000046e-02 3.565999999999999726e-02 2.293200000000000099e-02 7.739999999999999658e-02
-2.205999999999999975e-02 -1.963600000000000068e-01 -9.802840000000000442e-01 3.079600000000000046e-02 3.565999999999999726e-02 2.293200000000000099e-02 7.739999999999999658e-02
8.815169999999999950e-01 -4.129840000000000177e-01 -2.288479999999999959e-01 3.079600000000000046e-02 3.565999999999999726e-02 2.293200000000000099e-02 7.739999999999999658e-02
7.352999999999999536e-01 6.717379999999999463e-01 9.000600000000000267e-02 3.079600000000000046e-02 3.565999999999999726e-02 2.293200000000000099e-02 7.739999999999999658e-02
5.654709999999999459e-01 -3.058500000000000107e-02 8.242009999999999614e-01 3.079600000000000046e-02 3.565999999999999726e-02 2.293200000000000099e-02 7.739999999999999658e-02
-7.136109999999999953e-01 6.008660000000000112e-01 -3.601650000000000129e-01 3.079600000000000046e-02 3.565999999999999726e-02 2.293200000000000099e-02 7.739999999999999658e-02
9.857299999999999396e-02 3.949380000000000113e-01 9.134039999999999937e-01 3.079600000000000046e-02 3.565999999999999726e-02 2.293200000000000099e-02 7.739999999999999658e-02
-9.266609999999999570e-01 2.067060000000000008e-01 3.139620000000000188e-01 3.079600000000000046e-02 3.565999999999999726e-02 2.293200000000000099e-02 7.739999999999999658e-02
1.931999999999999907e-03 9.962999999999999634e-01 8.592299999999999938e-02 3.079600000000000046e-02 3.565999999999999726e-02 2.293200000000000099e-02 7.739999999999999658e-02
2.655770000000000075e-01 -3.669660000000000144e-01 -8.915180000000000327e-01 3.079600000000000046e-02 3.565999999999999726e-02 2.293200000000000099e-02 7.739999999999999658e-02
9.592100000000000626e-02 -7.619190000000000129e-01 -6.405300000000000438e-01 3.079600000000000046e-02 3.565999999999999726e-02 2.293200000000000099e-02 7.739999999999999658e-02
4.001239999999999797e-01 -9.160549999999999526e-01 2.727500000000000063e-02 3.079600000000000046e-02 3.565999999999999726e-02 2.293200000000000099e-02 7.739999999999999658e-02
9.805409999999999959e-01 1.850169999999999870e-01 6.563599999999999990e-02 3.079600000000000046e-02 3.565999999999999726e-02 2.293200000000000099e-02 7.739999999999999658e-02
-6.914219999999999811e-01 -7.133789999999999853e-01 -1.141309999999999963e-01 3.079600000000000046e-02 3.565999999999999726e-02 2.293200000000000099e-02 7.739999999999999658e-02
9.843730000000000535e-01 -5.972999999999999837e-02 -1.656559999999999977e-01 3.079600000000000046e-02 3.565999999999999726e-02 2.293200000000000099e-02 7.739999999999999658e-02
3.521770000000000178e-01 -5.197929999999999495e-01 7.783229999999999871e-01 3.079600000000000046e-02 3.565999999999999726e-02 2.293200000000000099e-02 7.739999999999999658e-02
-4.654349999999999876e-01 7.063099999999999934e-02 -8.822590000000000154e-01 3.079600000000000046e-02 3.565999999999999726e-02 2.293200000000000099e-02 7.739999999999999658e-02
-3.535639999999999894e-01 -7.791519999999999557e-01 -5.176039999999999530e-01 3.079600000000000046e-02 3.565999999999999726e-02 2.293200000000000099e-02 7.739999999999999658e-02
7.623130000000000184e-01 4.073039999999999994e-01 -5.029740000000000322e-01 3.079600000000000046e-02 3.565999999999999726e-02 2.293200000000000099e-02 7.739999999999999658e-02
1.581559999999999910e-01 -5.401569999999999983e-01 8.265689999999999982e-01 3.079600000000000046e-02 3.565999999999999726e-02 2.293200000000000099e-02 7.739999999999999658e-02
-6.277819999999999512e-01 7.777880000000000349e-01 3.059399999999999967e-02 3.079600000000000046e-02 3.565999999999999726e-02 2.293200000000000099e-02 7.739999999999999658e-02
-2.230719999999999925e-01 -7.828810000000000491e-01 5.808060000000000445e-01 3.079600000000000046e-02 3.565999999999999726e-02 2.293200000000000099e-02 7.739999999999999658e-02
3.123219999999999885e-01 4.190949999999999953e-01 -8.525340000000000140e-01 3.079600000000000046e-02 3.565999999999999726e-02 2.293200000000000099e-02 7.739999999999999658e-02
1.463329999999999909e-01 -5.054650000000000531e-01 -8.503479999999999928e-01 3.079600000000000046e-02 3.565999999999999726e-02 2.293200000000000099e-02 7.739999999999999658e-02
-3.190700000000000203e-01 9.448469999999999924e-01 7.388300000000000423e-02 4.355200000000000043e-02 3.565999999999999726e-02 2.293200000000000099e-02 7.739999999999999658e-02
-2.800119999999999831e-01 -9.550910000000000233e-01 9.692199999999999427e-02 4.355200000000000043e-02 3.565999999999999726e-02 2.293200000000000099e-02 7.739999999999999658e-02
9.363310000000000244e-01 2.697030000000000260e-01 2.248209999999999931e-01 4.355200000000000043e-02 3.565999999999999726e-02 2.293200000000000099e-02 7.739999999999999658e-02
7.211980000000000057e-01 -2.018240000000000034e-01 -6.626769999999999605e-01 4.355200000000000043e-02 3.565999999999999726e-02 2.293200000000000099e-02 7.739999999999999658e-02
3.390119999999999800e-01 -9.298410000000000286e-01 -1.430589999999999917e-01 4.355200000000000043e-02 3.565999999999999726e-02 2.293200000000000099e-02 7.739999999999999658e-02
-9.589349999999999818e-01 -2.499879999999999880e-01 -1.339750000000000107e-01 4.355200000000000043e-02 3.565999999999999726e-02 2.293200000000000099e-02 7.739999999999999658e-02
-8.544929999999999470e-01 5.104560000000000208e-01 -9.631199999999999484e-02 4.355200000000000043e-02 3.565999999999999726e-02 2.293200000000000099e-02 7.739999999999999658e-02
4.816079999999999806e-01 8.015740000000000087e-01 -3.543060000000000098e-01 4.355200000000000043e-02 3.565999999999999726e-02 2.293200000000000099e-02 7.739999999999999658e-02
-1.510829999999999951e-01 8.263300000000000090e-01 5.425419999999999687e-01 4.355200000000000043e-02 3.565999999999999726e-02 2.293200000000000099e-02 7.739999999999999658e-02
1.734410000000000118e-01 7.067020000000000524e-01 6.859239999999999782e-01 4.355200000000000043e-02 3.565999999999999726e-02 2.293200000000000099e-02 7.739999999999999658e-02
3.101459999999999773e-01 -8.808399999999999563e-02 -9.465989999999999682e-01 4.355200000000000043e-02 3.565999999999999726e-02 2.293200000000000099e-02 7.739999999999999658e-02
1.493750000000000078e-01 5.435680000000000511e-01 -8.259659999999999780e-01 4.355200000000000043e-02 3.565999999999999726e-02 2.293200000000000099e-02 7.739999999999999658e-02
-4.290140000000000065e-01 -8.704979999999999940e-01 -2.412060000000000037e-01 4.355200000000000043e-02 3.565999999999999726e-02 2.293200000000000099e-02 7.739999999999999658e-02
-4.715619999999999812e-01 8.685279999999999667e-01 1.526029999999999887e-01 4.355200000000000043e-02 3.565999999999999726e-02 2.293200000000000099e-02 7.739999999999999658e-02
4.454520000000000146e-01 -6.185009999999999675e-01 6.473240000000000105e-01 4.355200000000000043e-02 3.565999999999999726e-02 2.293200000000000099e-02 7.739999999999999658e-02
6.887619999999999854e-01 -4.267810000000000215e-01 5.860589999999999966e-01 4.355200000000000043e-02 3.565999999999999726e-02 2.293200000000000099e-02 7.739999999999999658e-02
-6.127850000000000241e-01 6.025970000000000493e-01 5.112449999999999495e-01 4.355200000000000043e-02 3.565999999999999726e-02 2.293200000000000099e-02 7.739999999999999658e-02
8.234329999999999705e-01 -3.442799999999999749e-01 4.510319999999999885e-01 4.355200000000000043e-02 3.565999999999999726e-02 2.293200000000000099e-02 7.739999999999999658e-02
-1.601349999999999996e-01 9.869550000000000267e-01 -1.660899999999999876e-02 4.355200000000000043e-02 3.565999999999999726e-02 2.293200000000000099e-02 7.739999999999999658e-02
-9.693640000000000034e-01 2.184629999999999905e-01 1.122849999999999959e-01 4.355200000000000043e-02 3.565999999999999726e-02 2.293200000000000099e-02 7.739999999999999658e-02
-8.651999999999999968e-02 -7.454509999999999748e-01 -6.609209999999999807e-01 4.355200000000000043e-02 3.565999999999999726e-02 2.293200000000000099e-02 7.739999999999999658e-02
-3.328470000000000040e-01 5.901640000000000219e-01 7.354720000000000146e-01 4.355200000000000043e-02 3.565999999999999726e-02 2.293200000000000099e-02 7.739999999999999658e-02
2.624739999999999851e-01 -9.535909999999999664e-01 1.475519999999999887e-01 4.355200000000000043e-02 3.565999999999999726e-02 2.293200000000000099e-02 7.739999999999999658e-02
1.105899999999999939e-02 7.861449999999999827e-01 6.179430000000000200e-01 4.355200000000000043e-02 3.565999999999999726e-02 2.293200000000000099e-02 7.739999999999999658e-02
-1.603439999999999865e-01 8.996290000000000120e-01 -4.061489999999999823e-01 4.355200000000000043e-02 3.565999999999999726e-02 2.293200000000000099e-02 7.739999999999999658e-02
9.660399999999999543e-02 -6.322800000000000642e-02 -9.933130000000000015e-01 4.355200000000000043e-02 3.565999999999999726e-02 2.293200000000000099e-02 7.739999999999999658e-02
1.857310000000000072e-01 -2.182320000000000093e-01 -9.580600000000000227e-01 4.355200000000000043e-02 3.565999999999999726e-02 2.293200000000000099e-02 7.739999999999999658e-02
6.142959999999999532e-01 -3.079669999999999908e-01 7.264960000000000306e-01 4.355200000000000043e-02 3.565999999999999726e-02 2.293200000000000099e-02 7.739999999999999658e-02
-3.022610000000000019e-01 -8.767690000000000206e-01 -3.740519999999999956e-01 4.355200000000000043e-02 3.565999999999999726e-02 2.293200000000000099e-02 7.739999999999999658e-02
-6.904850000000000154e-01 -6.928539999999999699e-01 2.078059999999999907e-01 4.355200000000000043e-02 3.565999999999999726e-02 2.293200000000000099e-02 7.739999999999999658e-02
-2.358320000000000138e-01 -4.572809999999999930e-01 -8.574829999999999952e-01 4.355200000000000043e-02 3.565999999999999726e-02 2.293200000000000099e-02 7.739999999999999658e-02
6.253579999999999695e-01 1.243260000000000060e-01 7.703699999999999992e-01 4.355200000000000043e-02 3.565999999999999726e-02 2.293200000000000099e-02 7.739999999999999658e-02
4.327000000000000117e-03 9.812200000000000089e-02 -9.951649999999999663e-01 4.355200000000000043e-02 3.565999999999999726e-02 2.293200000000000099e-02 7.739999999999999658e-02
-7.171009999999999884e-01 -3.628080000000000194e-01 -5.950940000000000119e-01 4.355200000000000043e-02 3.565999999999999726e-02 2.293200000000000099e-02 7.739999999999999658e-02
4.897070000000000034e-01 7.085169999999999524e-01 5.081240000000000201e-01 4.355200000000000043e-02 3.565999999999999726e-02 2.293200000000000099e-02 7.739999999999999658e-02
8.490720000000000489e-01 -1.594059999999999921e-01 -5.036519999999999886e-01 4.355200000000000043e-02 3.565999999999999726e-02 2.293200000000000099e-02 7.739999999999999658e-02
-5.904869999999999841e-01 -6.198310000000000208e-01 5.168509999999999494e-01 4.355200000000000043e-02 3.565999999999999726e-02 2.293200000000000099e-02 7.739999999999999658e-02
9.997599999999999820e-01 1.582999999999999989e-03 2.183300000000000171e-02 4.355200000000000043e-02 3.565999999999999726e-02 2.293200000000000099e-02 7.739999999999999658e-02
7.933839999999999781e-01 -8.812000000000000388e-02 6.023100000000000120e-01 4.355200000000000043e-02 3.565999999999999726e-02 2.293200000000000099e-02 7.739999999999999658e-02
4.548949999999999938e-01 2.655699999999999728e-01 -8.500250000000000306e-01 4.355200000000000043e-02 3.565999999999999726e-02 2.293200000000000099e-02 7.739999999999999658e-02
-3.105809999999999960e-01 2.621789999999999954e-01 9.136750000000000149e-01 4.355200000000000043e-02 3.565999999999999726e-02 2.293200000000000099e-02 7.739999999999999658e-02
-5.804840000000000000e-01 -4.763419999999999876e-01 6.604069999999999663e-01 4.355200000000000043e-02 3.565999999999999726e-02 2.293200000000000099e-02 7.739999999999999658e-02
9.481770000000000476e-01 8.262899999999999412e-02 -3.068100000000000271e-01 4.355200000000000043e-02 3.565999999999999726e-02 2.293200000000000099e-02 7.739999999999999658e-02
-3.577569999999999917e-01 -9.305809999999999915e-01 -7.764300000000000368e-02 4.355200000000000043e-02 3.565999999999999726e-02 2.293200000000000099e-02 7.739999999999999658e-02
-7.881610000000000005e-01 -1.871460000000000068e-01 -5.863260000000000138e-01 4.355200000000000043e-02 3.565999999999999726e-02 2.293200000000000099e-02 7.739999999999999658e-02
-6.202079999999999815e-01 4.653439999999999799e-01 6.315039999999999543e-01 4.355200000000000043e-02 3.565999999999999726e-02 2.293200000000000099e-02 7.739999999999999658e-02
1.488269999999999871e-01 9.649489999999999457e-01 -2.161579999999999890e-01 4.355200000000000043e-02 3.565999999999999726e-02 2.293200000000000099e-02 7.739999999999999658e-02
5.236189999999999456e-01 -8.466960000000000042e-01 -9.449399999999999467e-02 4.355200000000000043e-02 3.565999999999999726e-02 2.293200000000000099e-02 7.739999999999999658e-02
3.261800000000000116e-02 -6.360529999999999795e-01 -7.709549999999999459e-01 4.355200000000000043e-02 3.565999999999999726e-02 2.293200000000000099e-02 7.739999999999999658e-02
-1.132890000000000008e-01 -2.992300000000000168e-02 -9.931109999999999660e-01 4.355200000000000043e-02 3.565999999999999726e-02 2.293200000000000099e-02 7.739999999999999658e-02
-2.399020000000000041e-01 -9.460159999999999680e-01 -2.179480000000000028e-01 4.355200000000000043e-02 3.565999999999999726e-02 2.293200000000000099e-02 7.739999999999999658e-02
-9.725800000000000001e-01 2.137799999999999978e-01 -9.157200000000000062e-02 4.355200000000000043e-02 3.565999999999999726e-02 2.293200000000000099e-02 7.739999999999999658e-02
-4.745260000000000034e-01 4.540370000000000239e-01 7.541060000000000541e-01 4.355200000000000043e-02 3.565999999999999726e-02 2.293200000000000099e-02 7.739999999999999658e-02
3.365409999999999791e-01 7.223150000000000404e-01 6.041530000000000511e-01 4.355200000000000043e-02 3.565999999999999726e-02 2.293200000000000099e-02 7.739999999999999658e-02
-7.450329999999999453e-01 6.393579999999999819e-01 -1.901249999999999885e-01 4.355200000000000043e-02 3.565999999999999726e-02 2.293200000000000099e-02 7.739999999999999658e-02
9.834110000000000351e-01 -1.806220000000000048e-01 -1.668100000000000138e-02 4.355200000000000043e-02 3.565999999999999726e-02 2.293200000000000099e-02 7.739999999999999658e-02
2.193469999999999864e-01 6.609900000000000497e-02 -9.734049999999999647e-01 4.355200000000000043e-02 3.565999999999999726e-02 2.293200000000000099e-02 7.739999999999999658e-02
-3.521420000000000106e-01 5.553470000000000351e-01 -7.533830000000000249e-01 4.355200000000000043e-02 3.565999999999999726e-02 2.293200000000000099e-02 7.739999999999999658e-02
3.953409999999999980e-01 -6.228099999999999747e-01 -6.751399999999999624e-01 4.355200000000000043e-02 3.565999999999999726e-02 2.293200000000000099e-02 7.739999999999999658e-02
6.562839999999999785e-01 -6.549300000000000122e-01 3.746430000000000038e-01 4.355200000000000043e-02 3.565999999999999726e-02 2.293200000000000099e-02 7.739999999999999658e-02
7.245819999999999483e-01 6.834400000000000475e-01 -8.883000000000000618e-02 4.355200000000000043e-02 3.565999999999999726e-02 2.293200000000000099e-02 7.739999999999999658e-02
3.310830000000000162e-01 9.030620000000000314e-01 2.736120000000000219e-01 4.355200000000000043e-02 3.565999999999999726e-02 2.293200000000000099e-02 7.739999999999999658e-02
3.944739999999999913e-01 -8.883199999999999985e-01 2.351139999999999897e-01 4.355200000000000043e-02 3.565999999999999726e-02 2.293200000000000099e-02 7.739999999999999658e-02
-3.503379999999999828e-01 -7.416599999999999582e-02 9.336820000000000119e-01 4.355200000000000043e-02 3.565999999999999726e-02 2.293200000000000099e-02 7.739999999999999658e-02
-3.424519999999999786e-01 2.126109999999999944e-01 -9.151629999999999487e-01 4.355200000000000043e-02 3.565999999999999726e-02 2.293200000000000099e-02 7.739999999999999658e-02
7.519930000000000225e-01 -2.624630000000000019e-01 6.046650000000000080e-01 4.355200000000000043e-02 3.565999999999999726e-02 2.293200000000000099e-02 7.739999999999999658e-02
7.820920000000000094e-01 -3.554899999999999727e-02 -6.221489999999999521e-01 4.355200000000000043e-02 3.565999999999999726e-02 2.293200000000000099e-02 7.739999999999999658e-02
6.729500000000000481e-01 -1.252060000000000117e-01 7.290140000000000509e-01 4.355200000000000043e-02 3.565999999999999726e-02 2.293200000000000099e-02 7.739999999999999658e-02
3.231789999999999941e-01 5.900039999999999729e-01 7.398989999999999734e-01 4.355200000000000043e-02 3.565999999999999726e-02 2.293200000000000099e-02 7.739999999999999658e-02
9.400589999999999780e-01 -4.693800000000000056e-02 3.377649999999999819e-01 4.355200000000000043e-02 3.565999999999999726e-02 2.293200000000000099e-02 7.739999999999999658e-02
-1.855630000000000057e-01 6.681019999999999737e-01 -7.205599999999999783e-01 4.355200000000000043e-02 3.565999999999999726e-02 2.293200000000000099e-02 7.739999999999999658e-02
2.156349999999999933e-01 -6.405419999999999447e-01 -7.370269999999999877e-01 4.355200000000000043e-02 3.565999999999999726e-02 2.293200000000000099e-02 7.739999999999999658e-02
6.374910000000000299e-01 -3.622150000000000092e-01 -6.800040000000000529e-01 4.355200000000000043e-02 3.565999999999999726e-02 2.293200000000000099e-02 7.739999999999999658e-02
-1.185179999999999984e-01 -9.215100000000000513e-01 -3.698270000000000168e-01 4.355200000000000043e-02 3.565999999999999726e-02 2.293200000000000099e-02 7.739999999999999658e-02
-2.734730000000000216e-01 -7.059299999999999464e-01 -6.533569999999999656e-01 4.355200000000000043e-02 3.565999999999999726e-02 2.293200000000000099e-02 7.739999999999999658e-02
-5.366999999999999549e-01 -8.380119999999999791e-01 -9.843399999999999372e-02 4.355200000000000043e-02 3.565999999999999726e-02 2.293200000000000099e-02 7.739999999999999658e-02
2.979859999999999731e-01 9.484029999999999960e-01 -1.083339999999999997e-01 4.355200000000000043e-02 3.565999999999999726e-02 2.293200000000000099e-02 7.739999999999999658e-02
7.802890000000000104e-01 -5.734289999999999665e-01 2.496549999999999880e-01 4.355200000000000043e-02 3.565999999999999726e-02 2.293200000000000099e-02 7.739999999999999658e-02
-9.253360000000000474e-01 2.846100000000000019e-02 -3.780780000000000252e-01 4.355200000000000043e-02 3.565999999999999726e-02 2.293200000000000099e-02 7.739999999999999658e-02
6.275720000000000187e-01 -7.458230000000000137e-01 -2.233850000000000002e-01 4.355200000000000043e-02 3.565999999999999726e-02 2.293200000000000099e-02 7.739999999999999658e-02
-6.069670000000000343e-01 -1.819820000000000049e-01 7.736100000000000199e-01 4.355200000000000043e-02 3.565999999999999726e-02 2.293200000000000099e-02 7.739999999999999658e-02
-3.126200000000000090e-01 4.300649999999999751e-01 8.469430000000000014e-01 4.355200000000000043e-02 3.565999999999999726e-02 2.293200000000000099e-02 7.739999999999999658e-02
5.993659999999999544e-01 4.336849999999999872e-01 6.728129999999999944e-01 4.355200000000000043e-02 3.565999999999999726e-02 2.293200000000000099e-02 7.739999999999999658e-02
2.143220000000000125e-01 2.538480000000000181e-01 9.432000000000000384e-01 4.355200000000000043e-02 3.565999999999999726e-02 2.293200000000000099e-02 7.739999999999999658e-02
-4.847449999999999815e-01 -7.791249999999999565e-01 -3.974759999999999960e-01 4.355200000000000043e-02 3.565999999999999726e-02 2.293200000000000099e-02 7.739999999999999658e-02
-2.910369999999999902e-01 -8.590740000000000043e-01 4.210570000000000146e-01 4.355200000000000043e-02 3.565999999999999726e-02 2.293200000000000099e-02 7.739999999999999658e-02
-2.527059999999999862e-01 7.230599999999999528e-02 9.648379999999999734e-01 4.355200000000000043e-02 3.565999999999999726e-02 2.293200000000000099e-02 7.739999999999999658e-02
8.890190000000000037e-01 1.979200000000000056e-02 -4.574429999999999885e-01 4.355200000000000043e-02 3.565999999999999726e-02 2.293200000000000099e-02 7.739999999999999658e-02
9.351690000000000280e-01 -1.136400000000000049e-01 -3.354759999999999964e-01 4.355200000000000043e-02 3.565999999999999726e-02 2.293200000000000099e-02 7.739999999999999658e-02
-8.066609999999999614e-01 2.700800000000000076e-02 5.903969999999999496e-01 4.355200000000000043e-02 3.565999999999999726e-02 2.293200000000000099e-02 7.739999999999999658e-02
8.609869999999999468e-01 4.275070000000000259e-01 2.755719999999999836e-01 4.355200000000000043e-02 3.565999999999999726e-02 2.293200000000000099e-02 7.739999999999999658e-02
-7.562400000000000233e-01 6.541500000000000092e-01 -1.374900000000000080e-02 4.355200000000000043e-02 3.565999999999999726e-02 2.293200000000000099e-02 7.739999999999999658e-02
8.685479999999999867e-01 2.419620000000000104e-01 -4.325249999999999928e-01 4.355200000000000043e-02 3.565999999999999726e-02 2.293200000000000099e-02 7.739999999999999658e-02
-4.464499999999999719e-02 -4.886889999999999845e-01 -8.713149999999999507e-01 4.355200000000000043e-02 3.565999999999999726e-02 2.293200000000000099e-02 7.739999999999999658e-02
-3.323420000000000263e-01 -5.751929999999999543e-01 -7.474640000000000173e-01 4.355200000000000043e-02 3.565999999999999726e-02 2.293200000000000099e-02 7.739999999999999658e-02
3.823380000000000112e-01 2.851409999999999778e-01 8.789270000000000138e-01 4.355200000000000043e-02 3.565999999999999726e-02 2.293200000000000099e-02 7.739999999999999658e-02
-9.157549999999999857e-01 3.529680000000000040e-01 -1.918479999999999908e-01 4.355200000000000043e-02 3.565999999999999726e-02 2.293200000000000099e-02 7.739999999999999658e-02
5.104149999999999521e-01 -2.040410000000000001e-01 8.353699999999999459e-01 4.355200000000000043e-02 3.565999999999999726e-02 2.293200000000000099e-02 7.739999999999999658e-02
-8.102019999999999778e-01 -5.722239999999999549e-01 -1.270179999999999920e-01 4.355200000000000043e-02 3.565999999999999726e-02 2.293200000000000099e-02 7.739999999999999658e-02
1.819900000000000129e-01 -8.596169999999999645e-01 -4.774300000000000210e-01 4.355200000000000043e-02 3.565999999999999726e-02 2.293200000000000099e-02 7.739999999999999658e-02
5.427769999999999539e-01 -7.828869999999999996e-01 3.041070000000000162e-01 4.355200000000000043e-02 3.565999999999999726e-02 2.293200000000000099e-02 7.739999999999999658e-02
9.213360000000000438e-01 3.821899999999999742e-01 7.120500000000000440e-02 4.355200000000000043e-02 3.565999999999999726e-02 2.293200000000000099e-02 7.739999999999999658e-02
-3.064069999999999849e-01 9.047650000000000414e-01 -2.958299999999999819e-01 4.355200000000000043e-02 3.565999999999999726e-02 2.293200000000000099e-02 7.739999999999999658e-02
8.710459999999999869e-01 -1.681989999999999874e-01 4.615070000000000006e-01 4.355200000000000043e-02 3.565999999999999726e-02 2.293200000000000099e-02 7.739999999999999658e-02
-3.119339999999999891e-01 8.180849999999999511e-01 -4.831500000000000239e-01 4.355200000000000043e-02 3.565999999999999726e-02 2.293200000000000099e-02 7.739999999999999658e-02
-9.815080000000000471e-01 5.219200000000000228e-02 -1.841679999999999984e-01 4.355200000000000043e-02 3.565999999999999726e-02 2.293200000000000099e-02 7.739999999999999658e-02
6.024209999999999843e-01 2.692729999999999846e-01 -7.513859999999999983e-01 4.355200000000000043e-02 3.565999999999999726e-02 2.293200000000000099e-02 7.739999999999999658e-02
-4.645630000000000037e-01 -6.136690000000000200e-01 6.384290000000000243e-01 4.355200000000000043e-02 3.565999999999999726e-02 2.293200000000000099e-02 7.739999999999999658e-02
5.836470000000000269e-01 7.984710000000000418e-01 -1.476470000000000005e-01 4.355200000000000043e-02 3.565999999999999726e-02 2.293200000000000099e-02 7.739999999999999658e-02
-5.988940000000000374e-01 -7.108860000000000179e-01 3.687369999999999814e-01 4.355200000000000043e-02 3.565999999999999726e-02 2.293200000000000099e-02 7.739999999999999658e-02
-4.472200000000000064e-01 8.317130000000000356e-01 3.290109999999999979e-01 4.355200000000000043e-02 3.565999999999999726e-02 2.293200000000000099e-02 7.739999999999999658e-02
-4.809669999999999779e-01 8.764039999999999608e-01 -2.421699999999999894e-02 4.355200000000000043e-02 3.565999999999999726e-02 2.293200000000000099e-02 7.739999999999999658e-02
-1.674660000000000037e-01 7.952179999999999804e-01 -5.827379999999999782e-01 4.355200000000000043e-02 3.565999999999999726e-02 2.293200000000000099e-02 7.739999999999999658e-02
2.516889999999999961e-01 -3.945919999999999983e-01 8.837139999999999995e-01 4.355200000000000043e-02 3.565999999999999726e-02 2.293200000000000099e-02 7.739999999999999658e-02
4.553980000000000250e-01 -8.510780000000000012e-01 -2.613019999999999787e-01 4.355200000000000043e-02 3.565999999999999726e-02 2.293200000000000099e-02 7.739999999999999658e-02
7.770679999999999810e-01 -6.257829999999999782e-01 6.752900000000000569e-02 4.355200000000000043e-02 3.565999999999999726e-02 2.293200000000000099e-02 7.739999999999999658e-02
2.582399999999999973e-02 2.452660000000000118e-01 9.691119999999999735e-01 4.355200000000000043e-02 3.565999999999999726e-02 2.293200000000000099e-02 7.739999999999999658e-02
-2.982449999999999823e-01 -6.580859999999999488e-01 6.913550000000000528e-01 4.355200000000000043e-02 3.565999999999999726e-02 2.293200000000000099e-02 7.739999999999999658e-02
8.523849999999999483e-01 3.190009999999999790e-01 4.143410000000000148e-01 4.355200000000000043e-02 3.565999999999999726e-02 2.293200000000000099e-02 7.739999999999999658e-02
-5.567400000000000126e-02 6.315700000000000480e-02 9.964499999999999469e-01 4.355200000000000043e-02 3.565999999999999726e-02 2.293200000000000099e-02 7.739999999999999658e-02
8.385430000000000383e-01 5.276330000000000187e-01 1.358290000000000053e-01 4.355200000000000043e-02 3.565999999999999726e-02 2.293200000000000099e-02 7.739999999999999658e-02
7.463899999999999979e-01 6.731900000000000384e-02 6.620949999999999891e-01 4.355200000000000043e-02 3.565999999999999726e-02 2.293200000000000099e-02 7.739999999999999658e-02
-5.012300000000000089e-02 -2.523360000000000047e-01 9.663410000000000055e-01 4.355200000000000043e-02 3.565999999999999726e-02 2.293200000000000099e-02 7.739999999999999658e-02
-2.017999999999999829e-03 -9.524860000000000548e-01 3.045769999999999866e-01 4.355200000000000043e-02 3.565999999999999726e-02 2.293200000000000099e-02 7.739999999999999658e-02
5.453860000000000374e-01 -7.456679999999999975e-01 -3.827969999999999984e-01 4.355200000000000043e-02 3.565999999999999726e-02 2.293200000000000099e-02 7.739999999999999658e-02
-7.228860000000000285e-01 1.674789999999999890e-01 6.703630000000000422e-01 4.355200000000000043e-02 3.565999999999999726e-02 2.293200000000000099e-02 7.739999999999999658e-02
-3.042569999999999997e-01 9.165579999999999838e-01 2.595180000000000264e-01 4.355200000000000043e-02 3.565999999999999726e-02 2.293200000000000099e-02 7.739999999999999658e-02
-8.242680000000000007e-01 4.919470000000000232e-01 2.803059999999999996e-01 4.355200000000000043e-02 3.565999999999999726e-02 2.293200000000000099e-02 7.739999999999999658e-02
-5.427889999999999660e-01 -8.130469999999999642e-01 2.105579999999999952e-01 4.355200000000000043e-02 3.565999999999999726e-02 2.293200000000000099e-02 7.739999999999999658e-02
7.920089999999999630e-01 5.684019999999999628e-01 -2.227999999999999980e-01 4.355200000000000043e-02 3.565999999999999726e-02 2.293200000000000099e-02 7.739999999999999658e-02
-5.988660000000000094e-01 7.293530000000000291e-01 -3.307629999999999737e-01 4.355200000000000043e-02 3.565999999999999726e-02 2.293200000000000099e-02 7.739999999999999658e-02
-8.390079999999999760e-01 1.959150000000000058e-01 5.076239999999999641e-01 4.355200000000000043e-02 3.565999999999999726e-02 2.293200000000000099e-02 7.739999999999999658e-02
1.181699999999999938e-02 8.885729999999999462e-01 4.585839999999999916e-01 4.355200000000000043e-02 3.565999999999999726e-02 2.293200000000000099e-02 7.739999999999999658e-02
-7.440879999999999717e-01 3.320250000000000146e-01 5.797350000000000003e-01 5.333999999999999853e-02 3.565999999999999726e-02 2.293200000000000099e-02 7.739999999999999658e-02
-4.238500000000000045e-01 1.093060000000000004e-01 8.991120000000000223e-01 5.333999999999999853e-02 3.565999999999999726e-02 2.293200000000000099e-02 7.739999999999999658e-02
1.466050000000000131e-01 -7.772050000000000347e-01 6.119310000000000027e-01 5.333999999999999853e-02 3.565999999999999726e-02 2.293200000000000099e-02 7.739999999999999658e-02
2.996639999999999859e-01 9.024520000000000319e-01 -3.094879999999999853e-01 5.333999999999999853e-02 3.565999999999999726e-02 2.293200000000000099e-02 7.739999999999999658e-02
-4.686549999999999883e-01 2.891969999999999819e-01 8.347020000000000550e-01 5.333999999999999853e-02 3.565999999999999726e-02 2.293200000000000099e-02 7.739999999999999658e-02
5.684960000000000013e-01 -2.274639999999999995e-01 -7.906149999999999567e-01 5.333999999999999853e-02 3.565999999999999726e-02 2.293200000000000099e-02 7.739999999999999658e-02
-8.492840000000000389e-01 3.458419999999999828e-01 3.988860000000000183e-01 5.333999999999999853e-02 3.565999999999999726e-02 2.293200000000000099e-02 7.739999999999999658e-02
-4.067629999999999857e-01 -1.116810000000000025e-01 -9.066819999999999879e-01 5.333999999999999853e-02 3.565999999999999726e-02 2.293200000000000099e-02 7.739999999999999658e-02
3.340770000000000128e-01 -2.331449999999999911e-01 9.132559999999999567e-01 5.333999999999999853e-02 3.565999999999999726e-02 2.293200000000000099e-02 7.739999999999999658e-02
1.387239999999999862e-01 3.888210000000000277e-01 -9.108089999999999797e-01 5.333999999999999853e-02 3.565999999999999726e-02 2.293200000000000099e-02 7.739999999999999658e-02
-8.625199999999999534e-01 -1.178320000000000062e-01 4.921119999999999939e-01 5.333999999999999853e-02 3.565999999999999726e-02 2.293200000000000099e-02 7.739999999999999658e-02
4.869550000000000267e-01 -7.675600000000000478e-02 -8.700480000000000436e-01 5.333999999999999853e-02 3.565999999999999726e-02 2.293200000000000099e-02 7.739999999999999658e-02
9.307020000000000293e-01 2.555859999999999799e-01 -2.616680000000000117e-01 5.333999999999999853e-02 3.565999999999999726e-02 2.293200000000000099e-02 7.739999999999999658e-02
7.351739999999999942e-01 2.821890000000000231e-01 -6.163520000000000110e-01 5.333999999999999853e-02 3.565999999999999726e-02 2.293200000000000099e-02 7.739999999999999658e-02
-4.072819999999999774e-01 -7.409639999999999560e-01 5.339420000000000277e-01 5.333999999999999853e-02 3.565999999999999726e-02 2.293200000000000099e-02 7.739999999999999658e-02
2.076310000000000100e-01 -9.780269999999999797e-01 -1.879400000000000168e-02 5.333999999999999853e-02 3.565999999999999726e-02 2.293200000000000099e-02 7.739999999999999658e-02
-7.230699999999999905e-01 -5.789509999999999934e-01 3.768090000000000050e-01 5.333999999999999853e-02 3.565999999999999726e-02 2.293200000000000099e-02 7.739999999999999658e-02
8.698559999999999626e-01 3.363900000000000223e-02 4.921570000000000111e-01 5.333999999999999853e-02 3.565999999999999726e-02 2.293200000000000099e-02 7.739999999999999658e-02
-6.449070000000000080e-01 2.815960000000000130e-01 -7.104920000000000124e-01 5.333999999999999853e-02 3.565999999999999726e-02 2.293200000000000099e-02 7.739999999999999658e-02
3.602659999999999751e-01 -8.334660000000000402e-01 -4.189780000000000171e-01 5.333999999999999853e-02 3.565999999999999726e-02 2.293200000000000099e-02 7.739999999999999658e-02
3.374860000000000082e-01 8.281819999999999737e-01 4.474560000000000204e-01 5.333999999999999853e-02 3.565999999999999726e-02 2.293200000000000099e-02 7.739999999999999658e-02
3.218949999999999867e-01 8.216780000000000195e-01 -4.703490000000000171e-01 5.333999999999999853e-02 3.565999999999999726e-02 2.293200000000000099e-02 7.739999999999999658e-02
-1.904389999999999972e-01 -9.409100000000000241e-01 2.800380000000000091e-01 5.333999999999999853e-02 3.565999999999999726e-02 2.293200000000000099e-02 7.739999999999999658e-02
-8.727000000000000382e-03 7.534110000000000529e-01 -6.574919999999999654e-01 5.333999999999999853e-02 3.565999999999999726e-02 2.293200000000000099e-02 7.739999999999999658e-02
3.215569999999999817e-01 5.731840000000000268e-01 -7.536990000000000078e-01 5.333999999999999853e-02 3.565999999999999726e-02 2.293200000000000099e-02 7.739999999999999658e-02
3.879549999999999943e-01 -8.310119999999999729e-01 3.986350000000000171e-01 5.333999999999999853e-02 3.565999999999999726e-02 2.293200000000000099e-02 7.739999999999999658e-02
-9.108389999999999542e-01 3.597040000000000237e-01 2.024479999999999891e-01 5.333999999999999853e-02 3.565999999999999726e-02 2.293200000000000099e-02 7.739999999999999658e-02
-4.899709999999999899e-01 -5.378690000000000415e-01 -6.860220000000000207e-01 5.333999999999999853e-02 3.565999999999999726e-02 2.293200000000000099e-02 7.739999999999999658e-02
1.573180000000000134e-01 5.632399999999999629e-01 8.111789999999999834e-01 5.333999999999999853e-02 3.565999999999999726e-02 2.293200000000000099e-02 7.739999999999999658e-02
6.273750000000000160e-01 6.708420000000000494e-01 3.954389999999999850e-01 5.333999999999999853e-02 3.565999999999999726e-02 2.293200000000000099e-02 7.739999999999999658e-02
-5.737889999999999935e-01 -6.987899999999999667e-02 -8.160169999999999924e-01 5.333999999999999853e-02 3.565999999999999726e-02 2.293200000000000099e-02 7.739999999999999658e-02
-4.794780000000000153e-01 6.035519999999999774e-01 6.370440000000000547e-01 5.333999999999999853e-02 3.565999999999999726e-02 2.293200000000000099e-02 7.739999999999999658e-02
5.337159999999999682e-01 -8.370819999999999927e-01 1.201689999999999980e-01 5.333999999999999853e-02 3.565999999999999726e-02 2.293200000000000099e-02 7.739999999999999658e-02
-7.266939999999999511e-01 -6.232929999999999859e-01 -2.888290000000000024e-01 5.333999999999999853e-02 3.565999999999999726e-02 2.293200000000000099e-02 7.739999999999999658e-02
7.581099999999999506e-01 5.041769999999999863e-01 4.136110000000000064e-01 5.333999999999999853e-02 3.565999999999999726e-02 2.293200000000000099e-02 7.739999999999999658e-02
7.446960000000000246e-01 6.101330000000000364e-01 2.704900000000000082e-01 5.333999999999999853e-02 3.565999999999999726e-02 2.293200000000000099e-02 7.739999999999999658e-02
-9.061709999999999487e-01 5.596000000000000280e-02 4.191929999999999823e-01 5.333999999999999853e-02 3.565999999999999726e-02 2.293200000000000099e-02 7.739999999999999658e-02
-4.187489999999999823e-01 -4.133209999999999940e-01 -8.085879999999999734e-01 5.333999999999999853e-02 3.565999999999999726e-02 2.293200000000000099e-02 7.739999999999999658e-02
4.793450000000000211e-01 5.817379999999999773e-01 -6.571219999999999839e-01 5.333999999999999853e-02 3.565999999999999726e-02 2.293200000000000099e-02 7.739999999999999658e-02
1.268579999999999985e-01 8.220299999999999829e-02 9.885089999999999710e-01 5.333999999999999853e-02 3.565999999999999726e-02 2.293200000000000099e-02 7.739999999999999658e-02
-5.017120000000000468e-01 2.502460000000000240e-01 -8.280469999999999775e-01 5.333999999999999853e-02 3.565999999999999726e-02 2.293200000000000099e-02 7.739999999999999658e-02
-3.857399999999999718e-02 -7.941009999999999458e-01 6.065599999999999881e-01 5.333999999999999853e-02 3.565999999999999726e-02 2.293200000000000099e-02 7.739999999999999658e-02
4.669099999999999917e-01 -3.805000000000000049e-01 -7.982580000000000231e-01 5.333999999999999853e-02 3.565999999999999726e-02 2.293200000000000099e-02 7.739999999999999658e-02
5.370019999999999794e-01 -4.719439999999999746e-01 6.992119999999999447e-01 5.333999999999999853e-02 3.565999999999999726e-02 2.293200000000000099e-02 7.739999999999999658e-02
-7.127179999999999627e-01 6.132339999999999458e-01 3.405529999999999946e-01 5.333999999999999853e-02 3.565999999999999726e-02 2.293200000000000099e-02 7.739999999999999658e-02
-8.762480000000000269e-01 -4.799959999999999782e-01 4.234299999999999869e-02 5.333999999999999853e-02 3.565999999999999726e-02 2.293200000000000099e-02 7.739999999999999658e-02
8.550800000000000067e-02 -9.853140000000000231e-01 1.477990000000000137e-01 5.333999999999999853e-02 3.565999999999999726e-02 2.293200000000000099e-02 7.739999999999999658e-02
6.211699999999999999e-01 7.512539999999999774e-01 2.230820000000000025e-01 5.333999999999999853e-02 3.565999999999999726e-02 2.293200000000000099e-02 7.739999999999999658e-02
9.851429999999999909e-01 1.168580000000000035e-01 -1.258460000000000134e-01 5.333999999999999853e-02 3.565999999999999726e-02 2.293200000000000099e-02 7.739999999999999658e-02
7.844999999999999543e-03 9.601070000000000437e-01 2.795230000000000214e-01 5.333999999999999853e-02 3.565999999999999726e-02 2.293200000000000099e-02 7.739999999999999658e-02
-5.348699999999999982e-02 -9.779339999999999700e-01 -2.019499999999999906e-01 5.333999999999999853e-02 3.565999999999999726e-02 2.293200000000000099e-02 7.739999999999999658e-02
7.370250000000000412e-01 -6.664020000000000499e-01 -1.127049999999999996e-01 5.333999999999999853e-02 3.565999999999999726e-02 2.293200000000000099e-02 7.739999999999999658e-02
-7.436160000000000547e-01 4.769129999999999758e-01 4.686040000000000205e-01 5.333999999999999853e-02 3.565999999999999726e-02 2.293200000000000099e-02 7.739999999999999658e-02
6.206429999999999447e-01 4.256670000000000176e-01 -6.584910000000000485e-01 5.333999999999999853e-02 3.565999999999999726e-02 2.293200000000000099e-02 7.739999999999999658e-02
6.868130000000000068e-01 -4.827110000000000012e-01 -5.433949999999999614e-01 5.333999999999999853e-02 3.565999999999999726e-02 2.293200000000000099e-02 7.739999999999999658e-02
-4.964430000000000232e-01 5.782650000000000290e-01 -6.474210000000000242e-01 5.333999999999999853e-02 3.565999999999999726e-02 2.293200000000000099e-02 7.739999999999999658e-02
-7.455910000000000037e-01 6.458289999999999864e-01 1.643120000000000136e-01 5.333999999999999853e-02 3.565999999999999726e-02 2.293200000000000099e-02 7.739999999999999658e-02
3.953360000000000207e-01 8.500499999999999723e-02 -9.145950000000000468e-01 5.333999999999999853e-02 3.565999999999999726e-02 2.293200000000000099e-02 7.739999999999999658e-02
-8.062209999999999654e-01 -5.524529999999999719e-01 2.116689999999999960e-01 5.333999999999999853e-02 3.565999999999999726e-02 2.293200000000000099e-02 7.739999999999999658e-02
2.958709999999999951e-01 2.476829999999999865e-01 -9.225579999999999892e-01 5.333999999999999853e-02 3.565999999999999726e-02 2.293200000000000099e-02 7.739999999999999658e-02
-9.892649999999999499e-01 -9.584700000000000164e-02 1.103119999999999934e-01 5.333999999999999853e-02 3.565999999999999726e-02 2.293200000000000099e-02 7.739999999999999658e-02
4.726920000000000011e-01 4.334850000000000092e-01 -7.672369999999999468e-01 5.333999999999999853e-02 3.565999999999999726e-02 2.293200000000000099e-02 7.739999999999999658e-02
-6.209700000000000220e-01 1.072869999999999935e-01 -7.764569999999999528e-01 5.333999999999999853e-02 3.565999999999999726e-02 2.293200000000000099e-02 7.739999999999999658e-02
-1.957510000000000083e-01 5.175990000000000313e-01 -8.329299999999999482e-01 5.333999999999999853e-02 3.565999999999999726e-02 2.293200000000000099e-02 7.739999999999999658e-02
-1.470130000000000048e-01 2.204460000000000031e-01 9.642560000000000020e-01 5.333999999999999853e-02 3.565999999999999726e-02 2.293200000000000099e-02 7.739999999999999658e-02
-1.784189999999999943e-01 -8.320959999999999468e-01 -5.251500000000000057e-01 5.333999999999999853e-02 3.565999999999999726e-02 2.293200000000000099e-02 7.739999999999999658e-02
4.828680000000000194e-01 5.879499999999999726e-01 6.489639999999999853e-01 5.333999999999999853e-02 3.565999999999999726e-02 2.293200000000000099e-02 7.739999999999999658e-02
-9.012799999999999701e-01 -4.150389999999999913e-01 -1.242469999999999963e-01 5.333999999999999853e-02 3.565999999999999726e-02 2.293200000000000099e-02 7.739999999999999658e-02
-2.471009999999999873e-01 -2.368889999999999885e-01 9.395869999999999500e-01 5.333999999999999853e-02 3.565999999999999726e-02 2.293200000000000099e-02 7.739999999999999658e-02
9.792149999999999466e-01 -1.180230000000000029e-01 1.649500000000000133e-01 5.333999999999999853e-02 3.565999999999999726e-02 2.293200000000000099e-02 7.739999999999999658e-02
-6.274960000000000537e-01 -5.267789999999999973e-01 -5.733690000000000175e-01 5.333999999999999853e-02 3.565999999999999726e-02 2.293200000000000099e-02 7.739999999999999658e-02
-7.545509999999999717e-01 1.359990000000000088e-01 -6.419949999999999823e-01 5.333999999999999853e-02 3.565999999999999726e-02 2.293200000000000099e-02 7.739999999999999658e-02
-8.372239999999999682e-01 -7.524000000000000306e-03 -5.468079999999999607e-01 5.333999999999999853e-02 3.565999999999999726e-02 2.293200000000000099e-02 7.739999999999999658e-02
1.261170000000000069e-01 2.206400000000000028e-01 -9.671669999999999989e-01 5.333999999999999853e-02 3.565999999999999726e-02 2.293200000000000099e-02 7.739999999999999658e-02
9.500100000000000211e-01 -2.424189999999999956e-01 -1.967599999999999905e-01 5.333999999999999853e-02 3.565999999999999726e-02 2.293200000000000099e-02 7.739999999999999658e-02
2.273660000000000125e-01 -8.093799999999999606e-02 9.704399999999999693e-01 5.333999999999999853e-02 3.565999999999999726e-02 2.293200000000000099e-02 7.739999999999999658e-02
-3.640109999999999735e-01 3.921419999999999906e-01 -8.448200000000000154e-01 5.333999999999999853e-02 3.565999999999999726e-02 2.293200000000000099e-02 7.739999999999999658e-02
-7.436120000000000507e-01 -5.028110000000000079e-01 -4.407079999999999886e-01 5.333999999999999853e-02 3.565999999999999726e-02 2.293200000000000099e-02 7.739999999999999658e-02
6.975689999999999946e-01 1.118149999999999977e-01 -7.077390000000000070e-01 5.333999999999999853e-02 3.565999999999999726e-02 2.293200000000000099e-02 7.739999999999999658e-02
-9.366210000000000369e-01 1.941120000000000068e-01 -2.916520000000000223e-01 5.333999999999999853e-02 3.565999999999999726e-02 2.293200000000000099e-02 7.739999999999999658e-02
-6.610719999999999930e-01 -2.127410000000000134e-01 -7.195310000000000317e-01 5.333999999999999853e-02 3.565999999999999726e-02 2.293200000000000099e-02 7.739999999999999658e-02
-3.266310000000000047e-01 -2.897319999999999895e-01 -8.996490000000000320e-01 5.333999999999999853e-02 3.565999999999999726e-02 2.293200000000000099e-02 7.739999999999999658e-02
-6.193359999999999976e-01 5.978019999999999445e-01 -5.089759999999999840e-01 5.333999999999999853e-02 3.565999999999999726e-02 2.293200000000000099e-02 7.739999999999999658e-02
3.171939999999999760e-01 9.443019999999999747e-01 8.764700000000000268e-02 5.333999999999999853e-02 3.565999999999999726e-02 2.293200000000000099e-02 7.739999999999999658e-02
3.359679999999999889e-01 -5.032670000000000199e-01 -7.961460000000000203e-01 5.333999999999999853e-02 3.565999999999999726e-02 2.293200000000000099e-02 7.739999999999999658e-02
-8.890980000000000549e-01 -2.610830000000000095e-01 3.759529999999999816e-01 5.333999999999999853e-02 3.565999999999999726e-02 2.293200000000000099e-02 7.739999999999999658e-02
3.929860000000000020e-01 -2.396050000000000124e-01 -8.877789999999999848e-01 5.333999999999999853e-02 3.565999999999999726e-02 2.293200000000000099e-02 7.739999999999999658e-02
-4.493090000000000139e-01 8.141190000000000371e-01 -3.678750000000000075e-01 5.333999999999999853e-02 3.565999999999999726e-02 2.293200000000000099e-02 7.739999999999999658e-02
-2.236399999999999846e-02 6.177669999999999551e-01 -7.860430000000000472e-01 5.333999999999999853e-02 3.565999999999999726e-02 2.293200000000000099e-02 7.739999999999999658e-02
-5.797440000000000371e-01 7.230720000000000480e-01 3.755850000000000022e-01 5.333999999999999853e-02 3.565999999999999726e-02 2.293200000000000099e-02 7.739999999999999658e-02
6.060870000000000424e-01 -5.786909999999999554e-01 5.456879999999999509e-01 5.333999999999999853e-02 3.565999999999999726e-02 2.293200000000000099e-02 7.739999999999999658e-02
4.873649999999999927e-01 8.021930000000000449e-01 3.449079999999999924e-01 5.333999999999999853e-02 3.565999999999999726e-02 2.293200000000000099e-02 7.739999999999999658e-02
-4.386939999999999729e-01 -2.164020000000000110e-01 8.721910000000000496e-01 5.333999999999999853e-02 3.565999999999999726e-02 2.293200000000000099e-02 7.739999999999999658e-02
5.906800000000000245e-02 -8.833290000000000308e-01 4.650170000000000137e-01 5.333999999999999853e-02 3.565999999999999726e-02 2.293200000000000099e-02 7.739999999999999658e-02
6.471479999999999455e-01 -7.623600000000000376e-01 2.638000000000000154e-03 5.333999999999999853e-02 3.565999999999999726e-02 2.293200000000000099e-02 7.739999999999999658e-02
-4.777739999999999765e-01 -6.673930000000000140e-01 -5.712429999999999453e-01 5.333999999999999853e-02 3.565999999999999726e-02 2.293200000000000099e-02 7.739999999999999658e-02
4.379580000000000140e-01 8.759109999999999951e-01 -2.024179999999999868e-01 5.333999999999999853e-02 3.565999999999999726e-02 2.293200000000000099e-02 7.739999999999999658e-02
8.159910000000000219e-01 1.378749999999999976e-01 -5.613820000000000476e-01 5.333999999999999853e-02 3.565999999999999726e-02 2.293200000000000099e-02 7.739999999999999658e-02
-4.743220000000000214e-01 8.575629999999999642e-01 -1.990059999999999885e-01 5.333999999999999853e-02 3.565999999999999726e-02 2.293200000000000099e-02 7.739999999999999658e-02
2.552019999999999844e-01 -9.178800000000000292e-01 -3.039220000000000255e-01 5.333999999999999853e-02 3.565999999999999726e-02 2.293200000000000099e-02 7.739999999999999658e-02
-5.056950000000000056e-01 -2.454919999999999880e-01 -8.270469999999999766e-01 5.333999999999999853e-02 3.565999999999999726e-02 2.293200000000000099e-02 7.739999999999999658e-02
-6.293999999999999595e-01 -7.755330000000000279e-01 4.902399999999999813e-02 5.333999999999999853e-02 3.565999999999999726e-02 2.293200000000000099e-02 7.739999999999999658e-02
4.415970000000000173e-01 4.487419999999999742e-01 7.769319999999999560e-01 5.333999999999999853e-02 3.565999999999999726e-02 2.293200000000000099e-02 7.739999999999999658e-02
-8.291520000000000001e-01 4.825429999999999997e-01 -2.822410000000000196e-01 5.333999999999999853e-02 3.565999999999999726e-02 2.293200000000000099e-02 7.739999999999999658e-02
-1.411930000000000129e-01 -3.980210000000000137e-01 9.064459999999999740e-01 5.333999999999999853e-02 3.565999999999999726e-02 2.293200000000000099e-02 7.739999999999999658e-02
8.751830000000000442e-01 -4.718700000000000117e-01 1.067359999999999975e-01 5.333999999999999853e-02 3.565999999999999726e-02 2.293200000000000099e-02 7.739999999999999658e-02
6.679400000000000615e-02 -3.550030000000000130e-01 -9.324759999999999716e-01 5.333999999999999853e-02 3.565999999999999726e-02 2.293200000000000099e-02 7.739999999999999658e-02
-6.238099999999999756e-01 7.672959999999999781e-01 -1.487229999999999941e-01 5.333999999999999853e-02 3.565999999999999726e-02 2.293200000000000099e-02 7.739999999999999658e-02
-1.329559999999999909e-01 -3.296100000000000141e-01 -9.347079999999999833e-01 5.333999999999999853e-02 3.565999999999999726e-02 2.293200000000000099e-02 7.739999999999999658e-02
-2.951759999999999939e-01 2.536000000000000060e-02 -9.551060000000000105e-01 5.333999999999999853e-02 3.565999999999999726e-02 2.293200000000000099e-02 7.739999999999999658e-02
6.077590000000000492e-01 7.932360000000000522e-01 3.749500000000000055e-02 5.333999999999999853e-02 3.565999999999999726e-02 2.293200000000000099e-02 7.739999999999999658e-02
-1.545189999999999897e-01 -9.102399999999999380e-02 9.837879999999999958e-01 5.333999999999999853e-02 3.565999999999999726e-02 2.293200000000000099e-02 7.739999999999999658e-02
-6.127179999999999849e-01 7.629899999999999460e-01 2.059680000000000122e-01 5.333999999999999853e-02 3.565999999999999726e-02 2.293200000000000099e-02 7.739999999999999658e-02
-8.755999999999999894e-03 8.652849999999999708e-01 -5.012039999999999829e-01 5.333999999999999853e-02 3.565999999999999726e-02 2.293200000000000099e-02 7.739999999999999658e-02
-3.038799999999999835e-02 4.640040000000000275e-01 -8.853119999999999878e-01 5.333999999999999853e-02 3.565999999999999726e-02 2.293200000000000099e-02 7.739999999999999658e-02
6.302039999999999864e-01 5.586280000000000134e-01 5.392379999999999951e-01 5.333999999999999853e-02 3.565999999999999726e-02 2.293200000000000099e-02 7.739999999999999658e-02
4.585659999999999736e-01 8.884929999999999772e-01 -1.723600000000000132e-02 5.333999999999999853e-02 3.565999999999999726e-02 2.293200000000000099e-02 7.739999999999999658e-02
4.777399999999999980e-01 8.625230000000000397e-01 1.667889999999999928e-01 5.333999999999999853e-02 3.565999999999999726e-02 2.293200000000000099e-02 7.739999999999999658e-02
-3.046159999999999979e-01 8.415030000000000010e-01 4.461849999999999983e-01 5.333999999999999853e-02 3.565999999999999726e-02 2.293200000000000099e-02 7.739999999999999658e-02
5.543949999999999712e-01 9.736799999999999622e-02 -8.265390000000000237e-01 5.333999999999999853e-02 3.565999999999999726e-02 2.293200000000000099e-02 7.739999999999999658e-02
-8.531530000000000502e-01 5.134130000000000082e-01 9.239300000000000290e-02 5.333999999999999853e-02 3.565999999999999726e-02 2.293200000000000099e-02 7.739999999999999658e-02
5.435090000000000199e-01 2.922679999999999723e-01 7.868779999999999664e-01 5.333999999999999853e-02 3.565999999999999726e-02 2.293200000000000099e-02 7.739999999999999658e-02
2.425000000000000072e-03 6.582409999999999650e-01 7.528029999999999999e-01 5.333999999999999853e-02 3.565999999999999726e-02 2.293200000000000099e-02 7.739999999999999658e-02
-1.590439999999999909e-01 7.038029999999999564e-01 6.923629999999999507e-01 5.333999999999999853e-02 3.565999999999999726e-02 2.293200000000000099e-02 7.739999999999999658e-02
6.448850000000000415e-01 -6.016599999999999726e-02 -7.619070000000000009e-01 5.333999999999999853e-02 3.565999999999999726e-02 2.293200000000000099e-02 7.739999999999999658e-02
-7.190109999999999557e-01 -3.838500000000000245e-02 -6.939380000000000548e-01 5.333999999999999853e-02 3.565999999999999726e-02 2.293200000000000099e-02 7.739999999999999658e-02
1.739599999999999827e-02 -9.994939999999999936e-01 -2.661099999999999924e-02 5.333999999999999853e-02 3.565999999999999726e-02 2.293200000000000099e-02 7.739999999999999658e-02
-8.877720000000000056e-01 -1.530479999999999896e-01 -4.340939999999999799e-01 5.333999999999999853e-02 3.565999999999999726e-02 2.293200000000000099e-02 7.739999999999999658e-02
1.468879999999999908e-01 -2.514170000000000016e-01 9.566679999999999628e-01 5.333999999999999853e-02 3.565999999999999726e-02 2.293200000000000099e-02 7.739999999999999658e-02
-9.931100000000000483e-01 -9.625999999999999834e-02 -6.683799999999999464e-02 5.333999999999999853e-02 3.565999999999999726e-02 2.293200000000000099e-02 7.739999999999999658e-02
-5.224020000000000330e-01 -4.011800000000000088e-02 8.517550000000000399e-01 5.333999999999999853e-02 3.565999999999999726e-02 2.293200000000000099e-02 7.739999999999999658e-02
4.389170000000000016e-01 -7.240020000000000344e-01 -5.321399999999999464e-01 5.333999999999999853e-02 3.565999999999999726e-02 2.293200000000000099e-02 7.739999999999999658e-02
8.908249999999999780e-01 4.239160000000000150e-01 -1.634819999999999884e-01 5.333999999999999853e-02 3.565999999999999726e-02 2.293200000000000099e-02 7.739999999999999658e-02
7.787880000000000358e-01 -3.251769999999999938e-01 -5.364229999999999832e-01 5.333999999999999853e-02 3.565999999999999726e-02 2.293200000000000099e-02 7.739999999999999658e-02
-5.841159999999999686e-01 -3.812409999999999966e-01 -7.165639999999999787e-01 6.886200000000000654e-02 3.565999999999999726e-02 2.293200000000000099e-02 7.739999999999999658e-02
-1.508269999999999889e-01 -6.112830000000000208e-01 -7.769070000000000142e-01 6.886200000000000654e-02 3.565999999999999726e-02 2.293200000000000099e-02 7.739999999999999658e-02
9.761819999999999942e-01 7.142800000000000538e-02 2.048590000000000133e-01 6.886200000000000654e-02 3.565999999999999726e-02 2.293200000000000099e-02 7.739999999999999658e-02
1.337260000000000115e-01 -9.744580000000000464e-01 -1.804129999999999900e-01 6.886200000000000654e-02 3.565999999999999726e-02 2.293200000000000099e-02 7.739999999999999658e-02
-1.173680000000000001e-01 -8.847559999999999869e-01 4.510330000000000172e-01 6.886200000000000654e-02 3.565999999999999726e-02 2.293200000000000099e-02 7.739999999999999658e-02
-1.776439999999999964e-01 5.575069999999999748e-01 8.109429999999999694e-01 6.886200000000000654e-02 3.565999999999999726e-02 2.293200000000000099e-02 7.739999999999999658e-02
-1.530920000000000059e-01 9.722929999999999628e-01 1.766610000000000125e-01 6.886200000000000654e-02 3.565999999999999726e-02 2.293200000000000099e-02 7.739999999999999658e-02
-1.599199999999999927e-02 5.101219999999999644e-01 8.599539999999999962e-01 6.886200000000000654e-02 3.565999999999999726e-02 2.293200000000000099e-02 7.739999999999999658e-02
-3.116039999999999921e-01 7.296000000000000263e-01 6.087590000000000501e-01 6.886200000000000654e-02 3.565999999999999726e-02 2.293200000000000099e-02 7.739999999999999658e-02
7.949000000000000510e-01 -4.583999999999999742e-01 -3.974960000000000160e-01 6.886200000000000654e-02 3.565999999999999726e-02 2.293200000000000099e-02 7.739999999999999658e-02
3.398860000000000214e-01 -7.456150000000000277e-01 5.731800000000000228e-01 6.886200000000000654e-02 3.565999999999999726e-02 2.293200000000000099e-02 7.739999999999999658e-02
8.508499999999999952e-01 -5.199310000000000320e-01 -7.567300000000000415e-02 6.886200000000000654e-02 3.565999999999999726e-02 2.293200000000000099e-02 7.739999999999999658e-02
-4.567169999999999841e-01 -8.048079999999999679e-01 3.790689999999999893e-01 6.886200000000000654e-02 3.565999999999999726e-02 2.293200000000000099e-02 7.739999999999999658e-02
2.750380000000000047e-01 4.316289999999999849e-01 8.590989999999999460e-01 6.886200000000000654e-02 3.565999999999999726e-02 2.293200000000000099e-02 7.739999999999999658e-02
-3.407220000000000248e-01 6.990769999999999484e-01 -6.286490000000000133e-01 6.886200000000000654e-02 3.565999999999999726e-02 2.293200000000000099e-02 7.739999999999999658e-02
-1.503960000000000019e-01 9.175050000000000150e-01 3.681920000000000193e-01 6.886200000000000654e-02 3.565999999999999726e-02 2.293200000000000099e-02 7.739999999999999658e-02
6.936940000000000328e-01 2.634540000000000215e-01 6.703590000000000382e-01 6.886200000000000654e-02 3.565999999999999726e-02 2.293200000000000099e-02 7.739999999999999658e-02
-7.665359999999999951e-01 3.037989999999999857e-01 -5.657990000000000519e-01 6.886200000000000654e-02 3.565999999999999726e-02 2.293200000000000099e-02 7.739999999999999658e-02
1.657359999999999944e-01 9.683270000000000488e-01 1.867459999999999953e-01 6.886200000000000654e-02 3.565999999999999726e-02 2.293200000000000099e-02 7.739999999999999658e-02
6.272290000000000365e-01 5.549049999999999816e-01 -5.465010000000000145e-01 6.886200000000000654e-02 3.565999999999999726e-02 2.293200000000000099e-02 7.739999999999999658e-02
-9.975640000000000063e-01 6.778800000000000103e-02 1.643100000000000116e-02 6.886200000000000654e-02 3.565999999999999726e-02 2.293200000000000099e-02 7.739999999999999658e-02
-9.295529999999999626e-01 3.686590000000000145e-01 4.669000000000000407e-03 6.886200000000000654e-02 3.565999999999999726e-02 2.293200000000000099e-02 7.739999999999999658e-02
1.513390000000000013e-01 6.831180000000000030e-01 -7.144549999999999512e-01 6.886200000000000654e-02 3.565999999999999726e-02 2.293200000000000099e-02 7.739999999999999658e-02
-8.612410000000000343e-01 1.678209999999999980e-01 -4.796869999999999745e-01 6.886200000000000654e-02 3.565999999999999726e-02 2.293200000000000099e-02 7.739999999999999658e-02
3.062710000000000155e-01 9.609900000000000386e-02 9.470809999999999507e-01 6.886200000000000654e-02 3.565999999999999726e-02 2.293200000000000099e-02 7.739999999999999658e-02
-4.041549999999999865e-01 -5.014159999999999728e-01 7.650099999999999678e-01 6.886200000000000654e-02 3.565999999999999726e-02 2.293200000000000099e-02 7.739999999999999658e-02
-9.737800000000000622e-02 -9.867860000000000520e-01 1.295000000000000040e-01 6.886200000000000654e-02 3.565999999999999726e-02 2.293200000000000099e-02 7.739999999999999658e-02
9.443259999999999987e-01 -3.019359999999999822e-01 1.307039999999999869e-01 6.886200000000000654e-02 3.565999999999999726e-02 2.293200000000000099e-02 7.739999999999999658e-02
1.775039999999999951e-01 8.243099999999999872e-01 5.375919999999999588e-01 6.886200000000000654e-02 3.565999999999999726e-02 2.293200000000000099e-02 7.739999999999999658e-02
-6.730570000000000164e-01 -3.191829999999999945e-01 6.671700000000000408e-01 6.886200000000000654e-02 3.565999999999999726e-02 2.293200000000000099e-02 7.739999999999999658e-02
-8.938779999999999504e-01 -3.975850000000000217e-01 2.071449999999999958e-01 6.886200000000000654e-02 3.565999999999999726e-02 2.293200000000000099e-02 7.739999999999999658e-02
-7.941120000000000401e-01 -2.980220000000000091e-01 5.296870000000000189e-01 6.886200000000000654e-02 3.565999999999999726e-02 2.293200000000000099e-02 7.739999999999999658e-02
-3.999099999999999877e-02 2.934880000000000266e-01 -9.551260000000000305e-01 6.886200000000000654e-02 3.565999999999999726e-02 2.293200000000000099e-02 7.739999999999999658e-02
-7.508960000000000079e-01 -1.488760000000000083e-01 6.434210000000000207e-01 6.886200000000000654e-02 3.565999999999999726e-02 2.293200000000000099e-02 7.739999999999999658e-02
-6.444210000000000216e-01 4.471700000000000119e-01 -6.202910000000000368e-01 6.886200000000000654e-02 3.565999999999999726e-02 2.293200000000000099e-02 7.739999999999999658e-02
4.043350000000000000e-01 -6.019700000000000051e-02 9.126279999999999948e-01 6.886200000000000654e-02 3.565999999999999726e-02 2.293200000000000099e-02 7.739999999999999658e-02
-9.063539999999999930e-01 -2.959729999999999861e-01 -3.015349999999999975e-01 6.886200000000000654e-02 3.565999999999999726e-02 2.293200000000000099e-02 7.739999999999999658e-02
-3.685100000000000181e-02 -5.456750000000000211e-01 8.371859999999999857e-01 6.886200000000000654e-02 3.565999999999999726e-02 2.293200000000000099e-02 7.739999999999999658e-02
8.414390000000000480e-01 5.389709999999999779e-01 -3.861499999999999655e-02 6.886200000000000654e-02 3.565999999999999726e-02 2.293200000000000099e-02 7.739999999999999658e-02
9.540830000000000144e-01 2.895289999999999808e-01 -7.680900000000000227e-02 6.886200000000000654e-02 3.565999999999999726e-02 2.293200000000000099e-02 7.739999999999999658e-02
-1.729680000000000106e-01 1.619480000000000086e-01 -9.715219999999999967e-01 6.886200000000000654e-02 3.565999999999999726e-02 2.293200000000000099e-02 7.739999999999999658e-02
6.157200000000000173e-02 -6.733759999999999746e-01 7.367320000000000535e-01 6.886200000000000654e-02 3.565999999999999726e-02 2.293200000000000099e-02 7.739999999999999658e-02
4.597600000000000020e-01 7.115989999999999815e-01 -5.312700000000000200e-01 6.886200000000000654e-02 3.565999999999999726e-02 2.293200000000000099e-02 7.739999999999999658e-02
-6.465000000000000260e-03 9.490589999999999860e-01 -3.150330000000000075e-01 6.886200000000000654e-02 3.565999999999999726e-02 2.293200000000000099e-02 7.739999999999999658e-02
5.293139999999999512e-01 -5.059500000000000108e-01 -6.810589999999999700e-01 6.886200000000000654e-02 3.565999999999999726e-02 2.293200000000000099e-02 7.739999999999999658e-02
-3.698670000000000013e-01 -8.970569999999999933e-01 2.418420000000000014e-01 6.886200000000000654e-02 3.565999999999999726e-02 2.293200000000000099e-02 7.739999999999999658e-02
-7.556469999999999576e-01 4.578289999999999860e-01 -4.683910000000000018e-01 6.886200000000000654e-02 3.565999999999999726e-02 2.293200000000000099e-02 7.739999999999999658e-02
4.692979999999999929e-01 1.256500000000000117e-01 8.740550000000000264e-01 6.886200000000000654e-02 3.565999999999999726e-02 2.293200000000000099e-02 7.739999999999999658e-02
1.476439999999999975e-01 9.010089999999999488e-01 -4.079019999999999868e-01 6.886200000000000654e-02 3.565999999999999726e-02 2.293200000000000099e-02 7.739999999999999658e-02
-4.837179999999999813e-01 7.117299999999999738e-01 -5.093699999999999894e-01 6.886200000000000654e-02 3.565999999999999726e-02 2.293200000000000099e-02 7.739999999999999658e-02
-2.240769999999999984e-01 -5.352679999999999660e-01 8.144179999999999753e-01 6.886200000000000654e-02 3.565999999999999726e-02 2.293200000000000099e-02 7.739999999999999658e-02
2.537019999999999831e-01 -6.559669999999999668e-01 7.108750000000000346e-01 6.886200000000000654e-02 3.565999999999999726e-02 2.293200000000000099e-02 7.739999999999999658e-02
-1.562949999999999895e-01 9.652439999999999909e-01 -2.094640000000000113e-01 6.886200000000000654e-02 3.565999999999999726e-02 2.293200000000000099e-02 7.739999999999999658e-02
-8.610689999999999733e-01 3.293440000000000256e-01 -3.874190000000000134e-01 6.886200000000000654e-02 3.565999999999999726e-02 2.293200000000000099e-02 7.739999999999999658e-02
2.320160000000000000e-01 -8.534559999999999924e-01 4.666710000000000025e-01 6.886200000000000654e-02 3.565999999999999726e-02 2.293200000000000099e-02 7.739999999999999658e-02
5.513699999999999851e-02 -4.043169999999999820e-01 9.129549999999999610e-01 6.886200000000000654e-02 3.565999999999999726e-02 2.293200000000000099e-02 7.739999999999999658e-02
-5.127009999999999623e-01 4.220459999999999767e-01 -7.476730000000000320e-01 6.886200000000000654e-02 3.565999999999999726e-02 2.293200000000000099e-02 7.739999999999999658e-02
-2.241869999999999974e-01 -1.607619999999999882e-01 -9.611950000000000216e-01 6.886200000000000654e-02 3.565999999999999726e-02 2.293200000000000099e-02 7.739999999999999658e-02
-1.218660000000000021e-01 -6.775330000000000519e-01 7.253260000000000263e-01 6.886200000000000654e-02 3.565999999999999726e-02 2.293200000000000099e-02 7.739999999999999658e-02
6.608349999999999502e-01 7.009469999999999867e-01 -2.682740000000000125e-01 6.886200000000000654e-02 3.565999999999999726e-02 2.293200000000000099e-02 7.739999999999999658e-02
-7.091939999999999911e-01 -4.653229999999999866e-01 5.296399999999999997e-01 6.886200000000000654e-02 3.565999999999999726e-02 2.293200000000000099e-02 7.739999999999999658e-02
-6.148660000000000236e-01 3.096760000000000068e-01 7.252859999999999863e-01 6.886200000000000654e-02 3.565999999999999726e-02 2.293200000000000099e-02 7.739999999999999658e-02
-9.446879999999999722e-01 -8.512999999999999734e-02 3.167309999999999848e-01 6.886200000000000654e-02 3.565999999999999726e-02 2.293200000000000099e-02 7.739999999999999658e-02
-4.541939999999999866e-01 7.338219999999999743e-01 5.051860000000000239e-01 6.886200000000000654e-02 3.565999999999999726e-02 2.293200000000000099e-02 7.739999999999999658e-02
-1.694630000000000025e-01 -9.843260000000000343e-01 -4.883200000000000041e-02 6.886200000000000654e-02 3.565999999999999726e-02 2.293200000000000099e-02 7.739999999999999658e-02
-9.747000000000000108e-01 6.176899999999999752e-02 2.148120000000000029e-01 6.886200000000000654e-02 3.565999999999999726e-02 2.293200000000000099e-02 7.739999999999999658e-02
-6.168449999999999767e-01 -6.549709999999999699e-01 -4.364810000000000079e-01 6.886200000000000654e-02 3.565999999999999726e-02 2.293200000000000099e-02 7.739999999999999658e-02
-4.597209999999999908e-01 -8.855619999999999603e-01 6.660000000000000642e-02 6.886200000000000654e-02 3.565999999999999726e-02 2.293200000000000099e-02 7.739999999999999658e-02
4.381610000000000227e-01 -3.679140000000000188e-01 8.201549999999999674e-01 6.886200000000000654e-02 3.565999999999999726e-02 2.293200000000000099e-02 7.739999999999999658e-02
6.712820000000000453e-01 -7.166259999999999852e-01 1.892820000000000058e-01 6.886200000000000654e-02 3.565999999999999726e-02 2.293200000000000099e-02 7.739999999999999658e-02
-9.541629999999999834e-01 -2.968450000000000255e-01 3.816699999999999954e-02 6.886200000000000654e-02 3.565999999999999726e-02 2.293200000000000099e-02 7.739999999999999658e-02
1.589790000000000092e-01 8.064620000000000122e-01 -5.695120000000000182e-01 6.886200000000000654e-02 3.565999999999999726e-02 2.293200000000000099e-02 7.739999999999999658e-02
-8.249870000000000259e-01 -3.342280000000000251e-01 -4.557269999999999932e-01 6.886200000000000654e-02 3.565999999999999726e-02 2.293200000000000099e-02 7.739999999999999658e-02
-3.305609999999999937e-01 -3.750970000000000137e-01 8.660440000000000360e-01 6.886200000000000654e-02 3.565999999999999726e-02 2.293200000000000099e-02 7.739999999999999658e-02
-3.206550000000000233e-01 9.405679999999999596e-01 -1.118600000000000011e-01 6.886200000000000654e-02 3.565999999999999726e-02 2.293200000000000099e-02 7.739999999999999658e-02
6.920000000000000153e-04 -8.578770000000000007e-01 -5.138549999999999507e-01 6.886200000000000654e-02 3.565999999999999726e-02 2.293200000000000099e-02 7.739999999999999658e-02
1.936009999999999953e-01 -9.301810000000000356e-01 3.119009999999999838e-01 6.886200000000000654e-02 3.565999999999999726e-02 2.293200000000000099e-02 7.739999999999999658e-02
-8.210399999999999920e-01 -4.277210000000000178e-01 3.780839999999999756e-01 6.886200000000000654e-02 3.565999999999999726e-02 2.293200000000000099e-02 7.739999999999999658e-02
6.811120000000000507e-01 -6.227859999999999507e-01 -3.849989999999999801e-01 6.886200000000000654e-02 3.565999999999999726e-02 2.293200000000000099e-02 7.739999999999999658e-02
9.227330000000000254e-01 -2.391629999999999867e-01 3.022670000000000079e-01 6.886200000000000654e-02 3.565999999999999726e-02 2.293200000000000099e-02 7.739999999999999658e-02
-3.519999999999999908e-04 9.935079999999999467e-01 -1.137610000000000010e-01 6.886200000000000654e-02 3.565999999999999726e-02 2.293200000000000099e-02 7.739999999999999658e-02
8.148849999999999705e-01 1.994869999999999977e-01 5.442129999999999468e-01 6.886200000000000654e-02 3.565999999999999726e-02 2.293200000000000099e-02 7.739999999999999658e-02
5.957710000000000505e-01 6.810699999999999532e-01 -4.256759999999999988e-01 6.886200000000000654e-02 3.565999999999999726e-02 2.293200000000000099e-02 7.739999999999999658e-02
9.324160000000000226e-01 -3.582819999999999894e-01 -4.727399999999999658e-02 6.886200000000000654e-02 3.565999999999999726e-02 2.293200000000000099e-02 7.739999999999999658e-02
1.548630000000000007e-01 9.878959999999999964e-01 -8.890000000000000333e-03 6.886200000000000654e-02 3.565999999999999726e-02 2.293200000000000099e-02 7.739999999999999658e-02
-9.577499999999999902e-01 -1.129870000000000041e-01 -2.644779999999999909e-01 6.886200000000000654e-02 3.565999999999999726e-02 2.293200000000000099e-02 7.739999999999999658e-02
7.806790000000000118e-01 -5.718649999999999567e-01 -2.520129999999999870e-01 6.886200000000000654e-02 3.565999999999999726e-02 2.293200000000000099e-02 7.739999999999999658e-02
8.469189999999999774e-01 4.075250000000000261e-01 -3.415429999999999855e-01 6.886200000000000654e-02 3.565999999999999726e-02 2.293200000000000099e-02 7.739999999999999658e-02
-8.357520000000000504e-01 -4.658510000000000151e-01 -2.906909999999999772e-01 6.886200000000000654e-02 3.565999999999999726e-02 2.293200000000000099e-02 7.739999999999999658e-02
1.742350000000000010e-01 9.126060000000000283e-01 3.698549999999999893e-01 6.886200000000000654e-02 3.565999999999999726e-02 2.293200000000000099e-02 7.739999999999999658e-02
4.272200000000000303e-02 -9.577299999999999702e-02 9.944859999999999811e-01 6.886200000000000654e-02 3.565999999999999726e-02 2.293200000000000099e-02 7.739999999999999658e-02
-5.157770000000000410e-01 -3.509519999999999862e-01 7.815410000000000412e-01 6.886200000000000654e-02 3.565999999999999726e-02 2.293200000000000099e-02 7.739999999999999658e-02
8.653100000000000236e-01 -4.134200000000000097e-01 2.834110000000000240e-01 6.886200000000000654e-02 3.565999999999999726e-02 2.293200000000000099e-02 7.739999999999999658e-02
9.181759999999999922e-01 1.530960000000000099e-01 3.653970000000000273e-01 6.886200000000000654e-02 3.565999999999999726e-02 2.293200000000000099e-02 7.739999999999999658e-02
5.055960000000000454e-01 -7.144939999999999625e-01 4.836019999999999763e-01 6.886200000000000654e-02 3.565999999999999726e-02 2.293200000000000099e-02 7.739999999999999658e-02
-5.823139999999999983e-01 1.374930000000000041e-01 8.012529999999999930e-01 6.886200000000000654e-02 3.565999999999999726e-02 2.293200000000000099e-02 7.739999999999999658e-02
5.751690000000000413e-01 -6.157909999999999773e-01 -5.384999999999999787e-01 6.886200000000000654e-02 3.565999999999999726e-02 2.293200000000000099e-02 7.739999999999999658e-02
-2.047589999999999966e-01 3.497709999999999986e-01 -9.141850000000000254e-01 6.886200000000000654e-02 3.565999999999999726e-02 2.293200000000000099e-02 7.739999999999999658e-02
-5.972420000000000506e-01 -7.581550000000000233e-01 -2.617300000000000182e-01 6.886200000000000654e-02 3.565999999999999726e-02 2.293200000000000099e-02 7.739999999999999658e-02
7.346359999999999557e-01 5.539669999999999872e-01 -3.917010000000000214e-01 6.886200000000000654e-02 3.565999999999999726e-02 2.293200000000000099e-02 7.739999999999999658e-02
6.630999999999999395e-02 -9.343129999999999491e-01 -3.502299999999999858e-01 6.886200000000000654e-02 3.565999999999999726e-02 2.293200000000000099e-02 7.739999999999999658e-02
8.809310000000000196e-01 -2.916590000000000016e-01 -3.726869999999999905e-01 6.886200000000000654e-02 3.565999999999999726e-02 2.293200000000000099e-02 7.739999999999999658e-02
7.502590000000000092e-01 -5.068179999999999907e-01 4.245550000000000157e-01 6.886200000000000654e-02 3.565999999999999726e-02 2.293200000000000099e-02 7.739999999999999658e-02
-9.502509999999999568e-01 -2.327470000000000094e-01 2.070049999999999946e-01 6.886200000000000654e-02 3.565999999999999726e-02 2.293200000000000099e-02 7.739999999999999658e-02
2.719610000000000083e-01 -7.552860000000000129e-01 -5.963060000000000027e-01 6.886200000000000654e-02 3.565999999999999726e-02 2.293200000000000099e-02 7.739999999999999658e-02
-7.693029999999999591e-01 -6.373760000000000536e-01 4.386099999999999721e-02 6.886200000000000654e-02 3.565999999999999726e-02 2.293200000000000099e-02 7.739999999999999658e-02
3.122199999999999975e-01 7.098659999999999970e-01 -6.313549999999999995e-01 6.886200000000000654e-02 3.565999999999999726e-02 2.293200000000000099e-02 7.739999999999999658e-02
-6.770669999999999744e-01 -7.235000000000000112e-03 7.358860000000000401e-01 6.886200000000000654e-02 3.565999999999999726e-02 2.293200000000000099e-02 7.739999999999999658e-02
7.393030000000000435e-01 3.892900000000000249e-01 5.494400000000000395e-01 6.886200000000000654e-02 3.565999999999999726e-02 2.293200000000000099e-02 7.739999999999999658e-02
-1.337319999999999898e-01 3.871189999999999909e-01 9.122799999999999798e-01 6.886200000000000654e-02 3.565999999999999726e-02 2.293200000000000099e-02 7.739999999999999658e-02
-2.205999999999999975e-02 -1.963600000000000068e-01 -9.802840000000000442e-01 6.886200000000000654e-02 3.565999999999999726e-02 2.293200000000000099e-02 7.739999999999999658e-02
8.815169999999999950e-01 -4.129840000000000177e-01 -2.288479999999999959e-01 6.886200000000000654e-02 3.565999999999999726e-02 2.293200000000000099e-02 7.739999999999999658e-02
7.352999999999999536e-01 6.717379999999999463e-01 9.000600000000000267e-02 6.886200000000000654e-02 3.565999999999999726e-02 2.293200000000000099e-02 7.739999999999999658e-02
5.654709999999999459e-01 -3.058500000000000107e-02 8.242009999999999614e-01 6.886200000000000654e-02 3.565999999999999726e-02 2.293200000000000099e-02 7.739999999999999658e-02
-7.136109999999999953e-01 6.008660000000000112e-01 -3.601650000000000129e-01 6.886200000000000654e-02 3.565999999999999726e-02 2.293200000000000099e-02 7.739999999999999658e-02
9.857299999999999396e-02 3.949380000000000113e-01 9.134039999999999937e-01 6.886200000000000654e-02 3.565999999999999726e-02 2.293200000000000099e-02 7.739999999999999658e-02
-9.266609999999999570e-01 2.067060000000000008e-01 3.139620000000000188e-01 6.886200000000000654e-02 3.565999999999999726e-02 2.293200000000000099e-02 7.739999999999999658e-02
1.931999999999999907e-03 9.962999999999999634e-01 8.592299999999999938e-02 6.886200000000000654e-02 3.565999999999999726e-02 2.293200000000000099e-02 7.739999999999999658e-02
2.655770000000000075e-01 -3.669660000000000144e-01 -8.915180000000000327e-01 6.886200000000000654e-02 3.565999999999999726e-02 2.293200000000000099e-02 7.739999999999999658e-02
9.592100000000000626e-02 -7.619190000000000129e-01 -6.405300000000000438e-01 6.886200000000000654e-02 3.565999999999999726e-02 2.293200000000000099e-02 7.739999999999999658e-02
4.001239999999999797e-01 -9.160549999999999526e-01 2.727500000000000063e-02 6.886200000000000654e-02 3.565999999999999726e-02 2.293200000000000099e-02 7.739999999999999658e-02
9.805409999999999959e-01 1.850169999999999870e-01 6.563599999999999990e-02 6.886200000000000654e-02 3.565999999999999726e-02 2.293200000000000099e-02 7.739999999999999658e-02
-6.914219999999999811e-01 -7.133789999999999853e-01 -1.141309999999999963e-01 6.886200000000000654e-02 3.565999999999999726e-02 2.293200000000000099e-02 7.739999999999999658e-02
9.843730000000000535e-01 -5.972999999999999837e-02 -1.656559999999999977e-01 6.886200000000000654e-02 3.565999999999999726e-02 2.293200000000000099e-02 7.739999999999999658e-02
3.521770000000000178e-01 -5.197929999999999495e-01 7.783229999999999871e-01 6.886200000000000654e-02 3.565999999999999726e-02 2.293200000000000099e-02 7.739999999999999658e-02
-4.654349999999999876e-01 7.063099999999999934e-02 -8.822590000000000154e-01 6.886200000000000654e-02 3.565999999999999726e-02 2.293200000000000099e-02 7.739999999999999658e-02
-3.535639999999999894e-01 -7.791519999999999557e-01 -5.176039999999999530e-01 6.886200000000000654e-02 3.565999999999999726e-02 2.293200000000000099e-02 7.739999999999999658e-02
7.623130000000000184e-01 4.073039999999999994e-01 -5.029740000000000322e-01 6.886200000000000654e-02 3.565999999999999726e-02 2.293200000000000099e-02 7.739999999999999658e-02
1.581559999999999910e-01 -5.401569999999999983e-01 8.265689999999999982e-01 6.886200000000000654e-02 3.565999999999999726e-02 2.293200000000000099e-02 7.739999999999999658e-02
-6.277819999999999512e-01 7.777880000000000349e-01 3.059399999999999967e-02 6.886200000000000654e-02 3.565999999999999726e-02 2.293200000000000099e-02 7.739999999999999658e-02
-2.230719999999999925e-01 -7.828810000000000491e-01 5.808060000000000445e-01 6.886200000000000654e-02 3.565999999999999726e-02 2.293200000000000099e-02 7.739999999999999658e-02
3.123219999999999885e-01 4.190949999999999953e-01 -8.525340000000000140e-01 6.886200000000000654e-02 3.565999999999999726e-02 2.293200000000000099e-02 7.739999999999999658e-02
1.463329999999999909e-01 -5.054650000000000531e-01 -8.503479999999999928e-01 6.886200000000000654e-02 3.565999999999999726e-02 2.293200000000000099e-02 7.739999999999999658e-02
