VERSION: 1
0.000000 0.000000 0.000000 0.000000 0.035660 0.022932 0.077400
-0.460728 0.370036 0.806723 0.030796 0.035660 0.022932 0.077400
-0.851590 -0.446171 0.275183 0.030796 0.035660 0.022932 0.077400
-0.424062 -0.889992 0.167589 0.030796 0.035660 0.022932 0.077400
0.564603 -0.800032 0.202911 0.030796 0.035660 0.022932 0.077400
-0.179371 0.497872 0.848499 0.030796 0.035660 0.022932 0.077400
0.957196 0.289338 0.007649 0.030796 0.035660 0.022932 0.077400
-0.582547 -0.228998 0.779871 0.030796 0.035660 0.022932 0.077400
-0.186863 0.184211 0.964960 0.030796 0.035660 0.022932 0.077400
0.936576 -0.335168 0.102405 0.030796 0.035660 0.022932 0.077400
-0.263249 -0.865082 0.427005 0.030796 0.035660 0.022932 0.077400
-0.901371 0.385736 0.196821 0.030796 0.035660 0.022932 0.077400
-0.534349 0.781382 0.322357 0.030796 0.035660 0.022932 0.077400
-0.890749 0.163139 0.424208 0.030796 0.035660 0.022932 0.077400
0.057218 0.937025 0.344543 0.030796 0.035660 0.022932 0.077400
-0.706893 0.094790 0.700940 0.030796 0.035660 0.022932 0.077400
0.248936 0.964245 0.090901 0.030796 0.035660 0.022932 0.077400
0.805982 0.590969 0.033882 0.030796 0.035660 0.022932 0.077400
0.108793 0.275300 0.955183 0.030796 0.035660 0.022932 0.077400
-0.735691 0.570442 0.365178 0.030796 0.035660 0.022932 0.077400
-0.172757 -0.694000 0.698941 0.030796 0.035660 0.022932 0.077400
-0.069223 -0.980376 0.184581 0.030796 0.035660 0.022932 0.077400
-0.073597 -0.435209 0.897316 0.030796 0.035660 0.022932 0.077400
0.143125 -0.638456 0.756234 0.030796 0.035660 0.022932 0.077400
0.321978 0.034970 0.946101 0.030796 0.035660 0.022932 0.077400
0.865220 0.402916 0.298418 0.030796 0.035660 0.022932 0.077400
0.396508 0.842577 0.364479 0.030796 0.035660 0.022932 0.077400
-0.398714 -0.483401 0.779327 0.030796 0.035660 0.022932 0.077400
0.974474 0.048641 0.219166 0.030796 0.035660 0.022932 0.077400
0.129279 0.568459 0.812491 0.030796 0.035660 0.022932 0.077400
0.709183 -0.385424 0.590346 0.030796 0.035660 0.022932 0.077400
0.592152 -0.646124 0.481538 0.030796 0.035660 0.022932 0.077400
-0.692232 -0.461101 0.555159 0.030796 0.035660 0.022932 0.077400
0.219569 -0.314709 0.923443 0.030796 0.035660 0.022932 0.077400
-0.155604 0.746832 0.646552 0.030796 0.035660 0.022932 0.077400
0.679158 0.410820 0.608253 0.030796 0.035660 0.022932 0.077400
0.041495 -0.867742 0.495280 0.030796 0.035660 0.022932 0.077400
-0.456767 0.642336 0.615442 0.030796 0.035660 0.022932 0.077400
0.259773 -0.937491 0.231581 0.030796 0.035660 0.022932 0.077400
0.853117 0.160377 0.496457 0.030796 0.035660 0.022932 0.077400
0.580239 0.808929 0.094638 0.030796 0.035660 0.022932 0.077400
0.397343 0.383298 0.833787 0.030796 0.035660 0.022932 0.077400
0.158946 0.788207 0.594531 0.030796 0.035660 0.022932 0.077400
-0.700800 0.389492 0.597641 0.030796 0.035660 0.022932 0.077400
-0.815652 -0.166530 0.554057 0.030796 0.035660 0.022932 0.077400
-0.433255 0.899267 0.060078 0.030796 0.035660 0.022932 0.077400
-0.492842 -0.690378 0.529608 0.030796 0.035660 0.022932 0.077400
0.430157 -0.508504 0.745915 0.030796 0.035660 0.022932 0.077400
-0.456346 0.055279 0.888084 0.030796 0.035660 0.022932 0.077400
0.897472 -0.211143 0.387250 0.030796 0.035660 0.022932 0.077400
-0.273766 -0.198573 0.941074 0.030796 0.035660 0.022932 0.077400
0.667896 0.646414 0.368868 0.030796 0.035660 0.022932 0.077400
0.445389 0.635863 0.630323 0.030796 0.035660 0.022932 0.077400
0.512554 -0.202063 0.834541 0.030796 0.035660 0.022932 0.077400
-0.743448 0.667379 0.043481 0.030796 0.035660 0.022932 0.077400
-0.949251 -0.138669 0.282299 0.030796 0.035660 0.022932 0.077400
-0.665596 -0.702591 0.251689 0.030796 0.035660 0.022932 0.077400
0.795537 -0.546099 0.262482 0.030796 0.035660 0.022932 0.077400
0.752910 -0.081138 0.653102 0.030796 0.035660 0.022932 0.077400
-0.252612 0.889137 0.381605 0.030796 0.035660 0.022932 0.077400
-0.993956 0.079585 0.075620 0.030796 0.035660 0.022932 0.077400
0.015965 -0.073777 0.997147 0.030796 0.035660 0.022932 0.077400
-0.120350 0.989733 0.077099 0.030796 0.035660 0.022932 0.077400
0.594019 0.147931 0.790732 0.030796 0.035660 0.022932 0.077400
0.333182 -0.786930 0.519356 0.030796 0.035660 0.022932 0.077400
0.000000 0.000000 0.000000 0.000000 0.035660 0.022932 0.077400
-0.799032 0.311220 0.514481 0.043552 0.035660 0.022932 0.077400
-0.243019 -0.438067 0.865470 0.043552 0.035660 0.022932 0.077400
-0.678912 -0.607210 0.412764 0.043552 0.035660 0.022932 0.077400
0.729899 0.658882 0.181993 0.043552 0.035660 0.022932 0.077400
-0.381221 -0.910448 0.160486 0.043552 0.035660 0.022932 0.077400
0.896786 -0.434831 0.081835 0.043552 0.035660 0.022932 0.077400
0.712126 -0.666574 0.220354 0.043552 0.035660 0.022932 0.077400
-0.714721 0.027761 0.698859 0.043552 0.035660 0.022932 0.077400
-0.270014 0.365703 0.890704 0.043552 0.035660 0.022932 0.077400
0.435136 -0.795054 0.422546 0.043552 0.035660 0.022932 0.077400
-0.697516 0.709050 0.103539 0.043552 0.035660 0.022932 0.077400
0.990990 -0.130134 0.031687 0.043552 0.035660 0.022932 0.077400
0.484183 -0.869751 0.095396 0.043552 0.035660 0.022932 0.077400
-0.075925 0.132782 0.988233 0.043552 0.035660 0.022932 0.077400
-0.590464 0.350171 0.727140 0.043552 0.035660 0.022932 0.077400
0.487405 0.861371 0.143098 0.043552 0.035660 0.022932 0.077400
0.547205 0.704183 0.452429 0.043552 0.035660 0.022932 0.077400
-0.454308 0.102870 0.884885 0.043552 0.035660 0.022932 0.077400
0.958482 0.228712 0.170302 0.043552 0.035660 0.022932 0.077400
-0.182798 -0.707798 0.682354 0.043552 0.035660 0.022932 0.077400
-0.877709 -0.479018 0.012986 0.043552 0.035660 0.022932 0.077400
-0.457389 0.851190 0.257432 0.043552 0.035660 0.022932 0.077400
-0.063716 -0.991013 0.117619 0.043552 0.035660 0.022932 0.077400
-0.422962 -0.786853 0.449406 0.043552 0.035660 0.022932 0.077400
0.135628 -0.790601 0.597122 0.043552 0.035660 0.022932 0.077400
0.187451 0.969699 0.156669 0.043552 0.035660 0.022932 0.077400
-0.220319 0.973928 0.054077 0.043552 0.035660 0.022932 0.077400
-0.257512 -0.127116 0.957877 0.043552 0.035660 0.022932 0.077400
0.033036 -0.229023 0.972860 0.043552 0.035660 0.022932 0.077400
0.592994 -0.340078 0.729866 0.043552 0.035660 0.022932 0.077400
0.321664 -0.303058 0.897044 0.043552 0.035660 0.022932 0.077400
0.677215 0.196607 0.709031 0.043552 0.035660 0.022932 0.077400
-0.487475 -0.547801 0.679913 0.043552 0.035660 0.022932 0.077400
-0.077254 0.942534 0.325058 0.043552 0.035660 0.022932 0.077400
-0.979799 -0.146285 0.136364 0.043552 0.035660 0.022932 0.077400
0.227184 0.043541 0.972878 0.043552 0.035660 0.022932 0.077400
-0.947192 0.176878 0.267472 0.043552 0.035660 0.022932 0.077400
-0.664933 -0.734822 0.133792 0.043552 0.035660 0.022932 0.077400
-0.848381 0.475814 0.232059 0.043552 0.035660 0.022932 0.077400
-0.120428 -0.899214 0.420609 0.043552 0.035660 0.022932 0.077400
0.869198 0.162114 0.467134 0.043552 0.035660 0.022932 0.077400
0.283503 0.623007 0.729033 0.043552 0.035660 0.022932 0.077400
-0.418379 0.595770 0.685578 0.043552 0.035660 0.022932 0.077400
0.775919 -0.121108 0.619098 0.043552 0.035660 0.022932 0.077400
0.516813 -0.034193 0.855415 0.043552 0.035660 0.022932 0.077400
0.198111 -0.936918 0.287987 0.043552 0.035660 0.022932 0.077400
0.830068 -0.385617 0.402848 0.043552 0.035660 0.022932 0.077400
-0.527267 -0.234451 0.816715 0.043552 0.035660 0.022932 0.077400
-0.868836 -0.386827 0.309012 0.043552 0.035660 0.022932 0.077400
-0.732966 -0.321332 0.599589 0.043552 0.035660 0.022932 0.077400
0.358659 -0.594426 0.719737 0.043552 0.035660 0.022932 0.077400
0.941192 -0.107344 0.320367 0.043552 0.035660 0.022932 0.077400
0.033971 0.799812 0.599289 0.043552 0.035660 0.022932 0.077400
0.103001 0.395526 0.912661 0.043552 0.035660 0.022932 0.077400
0.623922 -0.577621 0.526379 0.043552 0.035660 0.022932 0.077400
-0.638618 0.625530 0.448195 0.043552 0.035660 0.022932 0.077400
-0.094650 0.608164 0.788149 0.043552 0.035660 0.022932 0.077400
0.573207 0.486126 0.659633 0.043552 0.035660 0.022932 0.077400
-0.887113 -0.067557 0.456581 0.043552 0.035660 0.022932 0.077400
-0.293193 0.805494 0.514992 0.043552 0.035660 0.022932 0.077400
0.285195 0.851826 0.439382 0.043552 0.035660 0.022932 0.077400
0.397002 0.304113 0.865971 0.043552 0.035660 0.022932 0.077400
0.065245 -0.540930 0.838533 0.043552 0.035660 0.022932 0.077400
0.796859 0.451956 0.400938 0.043552 0.035660 0.022932 0.077400
0.000000 0.000000 0.000000 0.000000 0.035660 0.022932 0.077400
0.299370 0.873025 0.384975 0.068862 0.035660 0.022932 0.077400
0.565033 -0.800635 0.199304 0.068862 0.035660 0.022932 0.077400
-0.618861 0.141509 0.772648 0.068862 0.035660 0.022932 0.077400
0.644436 0.130662 0.753412 0.068862 0.035660 0.022932 0.077400
0.274332 0.495463 0.824171 0.068862 0.035660 0.022932 0.077400
-0.191539 0.702175 0.685757 0.068862 0.035660 0.022932 0.077400
-0.960963 -0.022388 0.275769 0.068862 0.035660 0.022932 0.077400
-0.667250 -0.441196 0.600102 0.068862 0.035660 0.022932 0.077400
-0.002429 -0.535805 0.844338 0.068862 0.035660 0.022932 0.077400
-0.911705 0.404431 0.072313 0.068862 0.035660 0.022932 0.077400
0.368890 0.614250 0.697580 0.068862 0.035660 0.022932 0.077400
0.565493 0.823678 0.042092 0.068862 0.035660 0.022932 0.077400
0.308848 0.107179 0.945053 0.068862 0.035660 0.022932 0.077400
0.455895 -0.057976 0.888143 0.068862 0.035660 0.022932 0.077400
-0.351093 0.014591 0.936227 0.068862 0.035660 0.022932 0.077400
0.252722 -0.866987 0.429494 0.068862 0.035660 0.022932 0.077400
-0.085989 0.961021 0.262763 0.068862 0.035660 0.022932 0.077400
-0.126269 0.015174 0.991880 0.068862 0.035660 0.022932 0.077400
0.759768 0.641289 0.107248 0.068862 0.035660 0.022932 0.077400
0.619437 0.634388 0.462438 0.068862 0.035660 0.022932 0.077400
0.057414 0.121187 0.990968 0.068862 0.035660 0.022932 0.077400
-0.424521 0.654451 0.625680 0.068862 0.035660 0.022932 0.077400
0.068347 -0.673844 0.735705 0.068862 0.035660 0.022932 0.077400
-0.665592 0.731239 0.149256 0.068862 0.035660 0.022932 0.077400
0.007364 0.907840 0.419252 0.068862 0.035660 0.022932 0.077400
-0.292020 -0.950211 0.108733 0.068862 0.035660 0.022932 0.077400
0.992446 -0.115159 0.042299 0.068862 0.035660 0.022932 0.077400
0.932929 0.271704 0.236266 0.068862 0.035660 0.022932 0.077400
-0.744099 0.318792 0.587102 0.068862 0.035660 0.022932 0.077400
0.031182 -0.878614 0.476514 0.068862 0.035660 0.022932 0.077400
-0.751359 0.115135 0.649772 0.068862 0.035660 0.022932 0.077400
-0.675276 -0.582679 0.452202 0.068862 0.035660 0.022932 0.077400
0.937776 0.025331 0.346316 0.068862 0.035660 0.022932 0.077400
-0.238626 -0.360846 0.901581 0.068862 0.035660 0.022932 0.077400
0.866778 -0.476047 0.148576 0.068862 0.035660 0.022932 0.077400
0.333505 -0.449276 0.828810 0.068862 0.035660 0.022932 0.077400
-0.771407 -0.632892 0.066179 0.068862 0.035660 0.022932 0.077400
0.547019 -0.619776 0.562715 0.068862 0.035660 0.022932 0.077400
0.142895 -0.450097 0.881472 0.068862 0.035660 0.022932 0.077400
-0.834386 -0.503461 0.224337 0.068862 0.035660 0.022932 0.077400
-0.634728 0.497693 0.591119 0.068862 0.035660 0.022932 0.077400
0.200732 -0.285082 0.937249 0.068862 0.035660 0.022932 0.077400
-0.128971 0.535778 0.834451 0.068862 0.035660 0.022932 0.077400
-0.471713 0.751193 0.461731 0.068862 0.035660 0.022932 0.077400
-0.304346 -0.800766 0.515895 0.068862 0.035660 0.022932 0.077400
-0.079205 -0.985724 0.148575 0.068862 0.035660 0.022932 0.077400
0.951805 -0.255318 0.169939 0.068862 0.035660 0.022932 0.077400
-0.357522 0.377125 0.854374 0.068862 0.035660 0.022932 0.077400
-0.871150 -0.124417 0.474993 0.068862 0.035660 0.022932 0.077400
0.108020 0.713437 0.692343 0.068862 0.035660 0.022932 0.077400
-0.561581 -0.013561 0.827310 0.068862 0.035660 0.022932 0.077400
0.985881 0.065063 0.154288 0.068862 0.035660 0.022932 0.077400
0.568846 -0.190486 0.800081 0.068862 0.035660 0.022932 0.077400
0.736712 0.306815 0.602595 0.068862 0.035660 0.022932 0.077400
-0.114132 0.187401 0.975630 0.068862 0.035660 0.022932 0.077400
0.555980 -0.436738 0.707210 0.068862 0.035660 0.022932 0.077400
-0.519811 -0.392612 0.758717 0.068862 0.035660 0.022932 0.077400
0.061295 -0.164546 0.984463 0.068862 0.035660 0.022932 0.077400
0.790141 0.405318 0.459776 0.068862 0.035660 0.022932 0.077400
-0.301412 0.560494 0.771360 0.068862 0.035660 0.022932 0.077400
-0.890445 0.378682 0.252402 0.068862 0.035660 0.022932 0.077400
-0.351946 -0.681214 0.641936 0.068862 0.035660 0.022932 0.077400
-0.465855 -0.147248 0.872523 0.068862 0.035660 0.022932 0.077400
-0.858486 0.272062 0.434722 0.068862 0.035660 0.022932 0.077400
0.306351 -0.922183 0.236067 0.068862 0.035660 0.022932 0.077400
0.159032 -0.010915 0.987213 0.068862 0.035660 0.022932 0.077400
0.709151 -0.274556 0.649403 0.068862 0.035660 0.022932 0.077400
0.161333 0.822968 0.544698 0.068862 0.035660 0.022932 0.077400
-0.314115 -0.559908 0.766704 0.068862 0.035660 0.022932 0.077400
-0.318705 0.907369 0.274058 0.068862 0.035660 0.022932 0.077400
0.910353 -0.160453 0.381462 0.068862 0.035660 0.022932 0.077400
-0.098188 -0.756239 0.646887 0.068862 0.035660 0.022932 0.077400
-0.984285 0.103635 0.142975 0.068862 0.035660 0.022932 0.077400
-0.472819 0.218328 0.853683 0.068862 0.035660 0.022932 0.077400
0.557811 0.555700 0.616477 0.068862 0.035660 0.022932 0.077400
0.748405 -0.645722 0.151436 0.068862 0.035660 0.022932 0.077400
-0.893611 -0.445492 0.054729 0.068862 0.035660 0.022932 0.077400
-0.644589 -0.178920 0.743298 0.068862 0.035660 0.022932 0.077400
-0.921168 -0.237985 0.307916 0.068862 0.035660 0.022932 0.077400
-0.342283 -0.871902 0.350185 0.068862 0.035660 0.022932 0.077400
-0.013358 0.348741 0.937124 0.068862 0.035660 0.022932 0.077400
-0.115078 -0.156450 0.980959 0.068862 0.035660 0.022932 0.077400
0.808372 -0.290586 0.511952 0.068862 0.035660 0.022932 0.077400
-0.281501 0.830301 0.480996 0.068862 0.035660 0.022932 0.077400
0.423471 -0.297387 0.855706 0.068862 0.035660 0.022932 0.077400
-0.634804 0.638425 0.435244 0.068862 0.035660 0.022932 0.077400
-0.191427 0.356534 0.914461 0.068862 0.035660 0.022932 0.077400
0.297374 -0.123684 0.946716 0.068862 0.035660 0.022932 0.077400
0.405527 0.741663 0.534307 0.068862 0.035660 0.022932 0.077400
-0.768784 -0.289302 0.570329 0.068862 0.035660 0.022932 0.077400
0.512742 0.802020 0.306363 0.068862 0.035660 0.022932 0.077400
-0.592667 0.338296 0.730959 0.068862 0.035660 0.022932 0.077400
0.487488 0.146565 0.860740 0.068862 0.035660 0.022932 0.077400
-0.485403 -0.851892 0.196633 0.068862 0.035660 0.022932 0.077400
0.342207 0.295685 0.891888 0.068862 0.035660 0.022932 0.077400
-0.284845 -0.163403 0.944544 0.068862 0.035660 0.022932 0.077400
0.107477 0.463526 0.879541 0.068862 0.035660 0.022932 0.077400
-0.823618 -0.422480 0.378371 0.068862 0.035660 0.022932 0.077400
0.252435 -0.755160 0.604987 0.068862 0.035660 0.022932 0.077400
-0.406940 -0.319049 0.855925 0.068862 0.035660 0.022932 0.077400
0.688704 -0.053001 0.723103 0.068862 0.035660 0.022932 0.077400
0.876595 0.237709 0.418421 0.068862 0.035660 0.022932 0.077400
-0.518209 -0.556020 0.649847 0.068862 0.035660 0.022932 0.077400
0.774198 0.530650 0.345005 0.068862 0.035660 0.022932 0.077400
0.293055 0.946475 0.135291 0.068862 0.035660 0.022932 0.077400
0.836894 0.059244 0.544149 0.068862 0.035660 0.022932 0.077400
0.287406 -0.607527 0.740479 0.068862 0.035660 0.022932 0.077400
-0.166186 -0.525768 0.834236 0.068862 0.035660 0.022932 0.077400
0.718143 -0.548477 0.428303 0.068862 0.035660 0.022932 0.077400
-0.476344 0.489498 0.730403 0.068862 0.035660 0.022932 0.077400
-0.045767 -0.336526 0.940561 0.068862 0.035660 0.022932 0.077400
-0.098107 0.994224 0.043518 0.068862 0.035660 0.022932 0.077400
-0.885873 0.084643 0.456141 0.068862 0.035660 0.022932 0.077400
0.927775 0.362922 0.086723 0.068862 0.035660 0.022932 0.077400
0.609503 0.334101 0.718946 0.068862 0.035660 0.022932 0.077400
-0.071733 0.806745 0.586530 0.068862 0.035660 0.022932 0.077400
-0.307535 0.180637 0.934234 0.068862 0.035660 0.022932 0.077400
0.042493 0.603535 0.796204 0.068862 0.035660 0.022932 0.077400
-0.987812 -0.145806 0.054481 0.068862 0.035660 0.022932 0.077400
0.501093 -0.763869 0.406706 0.068862 0.035660 0.022932 0.077400
-0.492440 0.850806 0.183390 0.068862 0.035660 0.022932 0.077400
0.165908 0.273414 0.947481 0.068862 0.035660 0.022932 0.077400
0.853390 -0.391734 0.343903 0.068862 0.035660 0.022932 0.077400
-0.767435 -0.083261 0.635697 0.068862 0.035660 0.022932 0.077400
-0.664533 -0.713765 0.221213 0.068862 0.035660 0.022932 0.077400
-0.774554 0.496091 0.392378 0.068862 0.035660 0.022932 0.077400
0.456962 0.408157 0.790313 0.068862 0.035660 0.022932 0.077400
0.688523 0.677913 0.257624 0.068862 0.035660 0.022932 0.077400
0.000000 0.000000 0.000000 0.000000 0.035660 0.022932 0.077400
